0 1 14 0 0 0 0 0 0 0
0 2 0 0 0 0 0 0 0 0
0 3 0 0 0 0 0 0 0 0
0 4 6 0 0 0 0 0 0 0
0 5 9 0 0 0 0 0 0 0
0 6 7 0 0 0 0 0 0 0
0 7 16 0 0 0 0 0 0 0
1 8 6 0.0153 0.4359 0 0 69.043 18.629 76.973
1 9 22 0.1887 0.0111 0 0 67.769 16.033 74.553
1 10 6 0.4642 -0.396 0 0 64.756 14.117 75.926
1 11 15 0.6581 -0.182 0 0 62.345 11.739 74.243
1 12 13 0.7091 -0.214 0 0 58.903 10.705 75.561
1 13 12 0.8877 0.9088 0 0 58.736 6.940 75.059
1 14 22 0.9132 -0.762 0 0 55.523 4.986 75.584
1 15 12 0.9795 0.5671 0 0 55.893 1.372 76.722
1 16 22 0.9285 -0.400 0 0 52.544 -0.318 75.809
1 17 9 0.8673 0.0000 0 0 51.580 -4.048 75.463
1 18 3 0.7142 -0.568 0 0 49.442 -6.761 77.123
1 19 9 0.6224 0.0000 0 0 49.211 -7.029 80.888
1 20 9 0.6377 0.0000 0 0 51.858 -9.434 82.258
1 21 18 0.7908 0.4643 0 0 54.257 -9.182 79.288
1 22 9 0.8520 0.0000 0 0 57.064 -7.829 81.471
1 23 13 0.9438 -0.074 0 0 56.806 -4.127 80.902
1 24 18 0.8214 -0.868 0 0 57.316 -3.007 84.489
1 25 18 0.7857 -0.491 0 0 60.095 -5.558 84.983
1 26 15 0.9489 0.9286 0 0 61.681 -4.257 81.775
1 27 22 0.9336 -0.121 0 0 61.693 -0.531 82.656
1 28 13 0.7653 -0.508 0 0 62.691 -1.093 86.339
1 29 1 0.7551 -0.131 0 0 66.160 -2.558 85.377
1 30 10 0.7346 0.1133 0 0 67.592 0.923 84.785
1 31 12 0.5 -0.543 0 0 68.302 1.723 88.455
1 32 18 0.3877 -0.239 0 0 68.534 5.503 88.221
1 33 9 0.6020 0.0000 0 0 65.262 5.747 86.309
1 34 7 0.5357 -0.143 0 0 63.595 3.580 88.966
1 35 15 0.2091 -0.916 0 0 64.907 5.899 91.741
1 36 7 0.2244 -0.098 0 0 63.854 9.134 89.942
1 37 13 0.4132 0.1666 0 0 60.458 7.867 88.697
1 38 13 0.2448 -0.631 0 0 57.275 9.884 88.970
1 39 20 0.1938 -0.204 0 0 53.832 8.400 89.509
1 40 22 0.1020 0.0872 0 0 51.043 10.515 87.944
1 41 0 0.0102 -0.907 0 0 47.723 9.166 89.365
1 42 18 0.0051 -0.514 0 0 45.205 10.778 86.972
1 43 12 0.1377 0.1158 0 0 47.135 9.481 83.964
1 44 9 0.2602 0.0000 0 0 47.688 5.985 85.385
1 45 22 0.5153 0.3111 0 0 51.427 6.219 84.678
1 46 7 0.5612 -0.207 0 0 54.851 6.004 86.244
1 47 22 0.6326 -0.280 0 0 57.422 7.998 84.164
1 48 10 0.6989 0.3109 0 0 60.969 6.626 84.515
1 49 16 0.6071 -0.775 0 0 63.563 9.170 83.320
1 50 12 0.7244 0.8750 0 0 66.237 6.985 81.634
1 51 22 0.5663 -0.995 0 0 69.551 8.747 80.793
1 52 15 0.5918 0.9704 0 0 71.902 7.025 78.297
1 53 10 0.2857 -0.439 0 0 75.400 8.477 77.833
1 54 18 0.2653 0.4775 0 0 76.090 8.420 74.133
1 55 2 0.0408 0.1567 0 0 79.065 9.391 71.919
1 56 1 0.0204 -0.164 0 0 76.958 12.455 71.018
1 57 9 0.0306 0.0000 0 0 76.371 13.349 74.678
1 58 16 0.1632 -0.903 0 0 73.732 12.476 77.266
1 59 11 0.4795 0.2781 0 0 70.298 11.397 75.966
1 60 13 0.5816 -0.471 0 0 67.171 11.002 78.049
1 61 15 0.7755 0.5525 0 0 64.306 8.604 77.346
1 62 2 0.7448 -0.982 0 0 61.271 9.384 79.546
1 63 22 0.8775 0.8754 0 0 59.638 5.928 79.714
1 64 19 0.8061 -0.746 0 0 55.875 6.002 80.406
1 65 3 0.8163 0.2121 0 0 54.857 2.737 82.163
1 66 18 0.6887 0.3081 0 0 51.271 1.851 82.998
1 67 0 0.4846 -0.825 0 0 49.638 1.374 86.393
1 68 9 0.4897 0.0000 0 0 48.209 -1.990 85.179
1 69 6 0.3367 0.3348 0 0 45.194 -0.413 83.371
1 70 7 0.5051 0.8258 0 0 45.776 -2.448 80.155
1 71 13 0.2551 0.2247 0 0 44.015 -5.356 81.954
1 72 15 0.0561 -0.331 0 0 40.715 -3.371 81.835
1 73 9 0.1326 0.0000 0 0 41.125 -2.220 78.222
1 74 9 0.2959 0.0000 0 0 42.869 0.435 76.129
1 75 12 0.4183 0.9501 0 0 44.926 3.468 77.175
1 76 1 0.1785 -0.682 0 0 43.807 7.064 77.155
1 77 3 0.1428 -0.691 0 0 44.720 9.555 74.473
1 78 9 0.1734 0.0000 0 0 46.825 11.501 76.997
1 79 20 0.5102 0.7854 0 0 49.065 8.496 77.585
1 80 20 0.5714 0.3400 0 0 49.961 8.464 73.825
1 81 11 0.3316 -0.964 0 0 49.834 12.220 73.153
1 82 6 0.3673 -0.757 0 0 53.223 13.493 72.117
1 83 0 0.6683 0.6850 0 0 55.105 10.203 72.265
1 84 6 0.6734 -0.563 0 0 58.185 10.502 70.097
1 85 5 0.8316 0.4172 0 0 58.747 6.730 69.977
1 86 0 0.9540 -0.553 0 0 57.384 3.563 71.640
1 87 11 0.9948 0.9493 0 0 58.181 0.014 72.724
1 88 11 0.9744 -0.898 0 0 55.436 -2.523 72.035
1 89 14 0.9693 0.5315 0 0 56.028 -5.601 74.223
1 90 15 0.8622 -0.176 0 0 54.700 -9.162 74.034
1 91 3 0.75 -0.680 0 0 55.512 -12.369 75.935
1 92 22 0.6479 0.2348 0 0 57.303 -15.058 73.906
1 93 18 0.4030 -0.005 0 0 55.608 -17.863 75.921
1 94 17 0.3826 0.1529 0 0 52.079 -16.512 75.276
1 95 1 0.3010 -0.566 0 0 50.764 -16.474 71.711
1 96 22 0.2806 -0.427 0 0 47.726 -14.219 72.503
1 97 18 0.5969 0.4229 0 0 50.007 -11.384 73.672
1 98 20 0.6173 -0.039 0 0 51.744 -11.478 70.261
1 99 13 0.3928 -0.761 0 0 48.401 -11.568 68.409
1 100 2 0.5255 -0.355 0 0 47.398 -8.350 70.225
1 101 22 0.6938 0.5830 0 0 50.499 -6.545 68.832
1 102 16 0.5306 -0.362 0 0 48.496 -5.052 65.918
1 103 2 0.4540 -0.677 0 0 45.759 -3.659 68.214
1 104 19 0.6836 0.3107 0 0 48.521 -1.973 70.231
1 105 10 0.6785 -0.017 0 0 50.082 -0.765 66.985
1 106 1 0.3979 -0.603 0 0 46.637 0.510 65.804
1 107 3 0.4744 -0.036 0 0 45.950 2.256 69.127
1 108 12 0.6122 0.8966 0 0 49.322 4.011 69.049
1 109 22 0.4489 -0.096 0 0 49.069 5.149 65.386
1 110 1 0.1530 -0.131 0 0 45.583 6.648 65.934
1 111 22 0.2346 0.2707 0 0 47.157 9.293 68.231
1 112 5 0.4234 0.7427 0 0 50.779 9.161 66.922
1 113 7 0.2704 -0.968 0 0 51.102 8.611 63.186
1 114 2 0.3622 -0.563 0 0 54.812 8.416 62.264
1 115 11 0.6428 0.4279 0 0 56.825 7.391 65.340
1 116 16 0.7704 -0.338 0 0 59.651 4.887 65.464
1 117 11 0.9081 -0.366 0 0 58.481 1.755 67.267
1 118 22 0.9642 0.4588 0 0 60.559 -1.202 68.478
1 119 12 0.9591 -0.804 0 0 58.727 -4.511 69.041
1 120 5 0.9897 0.8920 0 0 59.994 -6.667 71.938
1 121 9 0.8928 0.0000 0 0 59.456 -10.337 72.670
1 122 2 0.8826 0.3119 0 0 60.087 -10.643 76.430
1 123 13 0.7193 -0.058 0 0 60.781 -13.727 78.521
1 124 22 0.6275 0.5745 0 0 63.371 -15.376 76.209
1 125 3 0.4591 0.4296 0 0 65.125 -17.084 79.143
1 126 11 0.2755 0.2522 0 0 62.059 -19.314 79.574
1 127 13 0.0612 -0.572 0 0 62.913 -22.506 77.687
1 128 3 0.0255 -0.478 0 0 59.485 -23.597 76.274
1 129 1 0.2040 0.7145 0 0 59.129 -20.717 73.786
1 130 13 0.1683 -0.522 0 0 55.951 -20.270 71.780
1 131 22 0.4081 0.6705 0 0 56.726 -17.298 69.529
1 132 13 0.3265 -0.885 0 0 59.934 -18.124 67.661
1 133 0 0.3571 -0.095 0 0 61.911 -16.117 65.094
1 134 13 0.0969 -0.849 0 0 60.115 -17.751 62.116
1 135 17 0.1989 -0.170 0 0 56.763 -16.072 62.902
1 136 11 0.5204 0.7546 0 0 58.149 -12.646 63.917
1 137 22 0.3775 0.2229 0 0 60.376 -11.806 60.958
1 138 15 0.1173 0.4922 0 0 58.414 -11.899 57.716
1 139 10 0.1479 -0.956 0 0 59.252 -8.370 56.538
1 140 1 0.4336 0.6440 0 0 59.462 -5.224 58.704
1 141 13 0.4438 0.3092 0 0 58.770 -1.517 58.442
1 142 13 0.4387 -0.985 0 0 61.540 1.095 58.584
1 143 2 0.6530 -0.494 0 0 60.259 2.526 61.873
1 144 12 0.7602 0.1102 0 0 59.511 -0.905 63.301
1 145 6 0.8112 -0.237 0 0 62.456 -2.973 64.548
1 146 20 0.8571 -0.071 0 0 62.307 -6.243 66.479
1 147 20 0.8979 0.0875 0 0 64.515 -7.515 69.341
1 148 3 0.8367 -0.953 0 0 64.307 -10.540 71.625
1 149 11 0.9183 0.9678 0 0 64.591 -9.331 75.247
1 150 17 0.7959 -0.987 0 0 64.786 -10.996 78.649
1 151 0 0.8469 0.5349 0 0 63.916 -8.448 81.324
1 152 13 0.6632 -0.400 0 0 64.936 -10.542 84.400
1 153 17 0.5765 0.1069 0 0 68.416 -11.430 83.036
1 154 2 0.7295 -0.374 0 0 69.113 -8.056 81.421
1 155 20 0.7397 -0.203 0 0 69.403 -9.778 77.999
1 156 2 0.8265 -0.250 0 0 69.428 -7.119 75.322
1 157 15 0.9234 0.1810 0 0 68.356 -4.258 77.636
1 158 7 0.8724 -0.817 0 0 70.105 -1.595 75.485
1 159 13 0.9030 -0.711 0 0 69.004 -2.835 72.040
1 160 16 0.9846 0.6632 0 0 65.626 -1.040 71.799
1 161 15 0.9387 0.5814 0 0 66.998 2.256 73.202
1 162 12 0.7806 -0.778 0 0 70.031 2.376 70.847
1 163 19 0.8010 0.1010 0 0 67.901 1.715 67.730
1 164 12 0.8418 0.8727 0 0 65.454 4.493 68.768
1 165 0 0.7040 -0.059 0 0 68.318 6.921 69.588
1 166 1 0.5510 0.0251 0 0 69.884 6.362 66.165
1 167 13 0.5867 0.1788 0 0 66.442 6.776 64.490
1 168 12 0.5561 0.7391 0 0 65.437 9.814 66.563
1 169 11 0.3214 0.1314 0 0 68.722 11.773 66.310
1 170 9 0.1581 0.0000 0 0 69.311 10.720 62.708
1 171 3 0.1275 -0.425 0 0 72.675 9.227 63.384
1 172 16 0.1836 -0.785 0 0 73.311 5.631 62.437
1 173 2 0.0816 -0.875 0 0 76.758 5.738 64.088
1 174 12 0.2397 0.7092 0 0 75.477 6.941 67.510
1 175 7 0.3061 -0.502 0 0 76.842 4.583 70.138
1 176 15 0.4285 0.9827 0 0 76.277 4.324 73.888
1 177 22 0.1071 -0.618 0 0 79.613 5.041 75.580
1 178 0 0.2142 -0.551 0 0 78.326 3.808 78.952
1 179 14 0.4948 0.4708 0 0 75.688 1.224 79.902
1 180 16 0.5408 0.8833 0 0 73.295 2.233 82.699
1 181 0 0.3724 -0.756 0 0 73.672 0.478 86.013
1 182 12 0.5459 0.7614 0 0 71.077 -2.258 85.872
1 183 0 0.4693 0.4766 0 0 69.399 -4.248 88.628
1 184 16 0.25 -0.660 0 0 71.414 -7.459 88.900
1 185 16 0.3469 -0.241 0 0 70.223 -10.397 86.851
1 186 7 0.2295 0.4464 0 0 67.705 -12.586 88.617
1 187 22 0.2193 0.3662 0 0 67.749 -15.366 85.987
1 188 22 0.1224 -0.957 0 0 70.621 -16.589 83.803
1 189 14 0.3163 0.6664 0 0 70.308 -16.036 80.057
1 190 3 0.0714 -0.738 0 0 71.568 -19.256 78.514
1 191 16 0.0510 -0.625 0 0 74.330 -18.119 76.150
1 192 0 0.0 -0.879 0 0 73.953 -20.975 73.637
1 193 12 0.0867 0.0096 0 0 70.255 -20.114 73.492
1 194 0 0.2908 0.1663 0 0 71.141 -16.433 73.191
1 195 0 0.0918 -0.872 0 0 73.544 -17.112 70.296
1 196 6 0.0459 -0.169 0 0 71.068 -19.462 68.540
1 197 20 0.3112 0.2088 0 0 68.294 -16.835 68.737
1 198 7 0.3520 0.1385 0 0 70.773 -14.124 67.664
1 199 10 0.0663 -0.942 0 0 71.762 -16.307 64.653
1 200 3 0.1122 -0.174 0 0 68.041 -16.943 63.958
1 201 12 0.3418 0.9138 0 0 67.697 -13.152 63.324
1 202 7 0.0765 -0.866 0 0 70.246 -13.262 60.438
1 203 22 0.0357 0.2336 0 0 67.394 -13.591 57.933
0 204 0 0 0 0 0 67.394 -13.591 57.933
0 205 6 0 0 0 0 67.394 -13.591 57.933
0 206 18 0 0 0 0 67.394 -13.591 57.933
0 207 18 0 0 0 0 67.394 -13.591 57.933
0 208 0 0 0 0 0 67.394 -13.591 57.933
0 209 12 0 0 0 0 67.394 -13.591 57.933
0 210 16 0 0 0 0 67.394 -13.591 57.933
0 211 3 0 0 0 0 67.394 -13.591 57.933
0 212 7 0 0 0 0 67.394 -13.591 57.933
0 213 3 0 0 0 0 67.394 -13.591 57.933
0 214 3 0 0 0 0 67.394 -13.591 57.933
0 215 3 0 0 0 0 67.394 -13.591 57.933
0 216 12 0 0 0 0 67.394 -13.591 57.933
