0 1 14 0 0 0 0 0 0 0
0 2 0 0 0 0 0 0 0 0
0 3 0 0 0 0 0 0 0 0
0 4 6 0 0 0 0 0 0 0
0 5 9 0 0 0 0 0 0 0
1 6 7 0.0 -0.171 0 0 -20.687 11.539 14.436
1 7 16 0.0049 -0.286 0 0 -19.363 13.784 17.213
1 8 6 0.0445 0.1507 0 0 -16.344 16.144 17.054
1 9 22 0.2029 0.0715 0 0 -12.769 15.164 18.126
1 10 6 0.4455 -0.486 0 0 -11.911 18.047 20.516
1 11 15 0.6485 -0.019 0 0 -9.101 18.567 23.093
1 12 13 0.7128 -0.252 0 0 -8.725 21.114 25.961
1 13 12 0.8861 0.9080 0 0 -5.309 22.866 25.693
1 14 22 0.8960 -0.758 0 0 -4.072 25.293 28.402
1 15 12 0.9653 0.5556 0 0 -1.641 28.044 27.219
1 16 22 0.9356 -0.476 0 0 0.406 29.291 30.262
1 17 9 0.8613 0.0000 0 0 3.499 31.440 31.061
1 18 3 0.7178 -0.547 0 0 4.619 34.839 32.496
1 19 9 0.6336 0.0000 0 0 2.851 38.100 31.513
1 20 9 0.6287 0.0000 0 0 4.456 39.825 28.481
1 21 18 0.7920 0.3968 0 0 5.868 36.732 26.688
1 22 9 0.8514 0.0000 0 0 3.405 36.750 23.731
1 23 13 0.9455 -0.152 0 0 0.637 34.264 24.636
1 24 18 0.8118 -0.884 0 0 -2.260 36.481 23.363
1 25 18 0.7871 -0.444 0 0 -0.334 37.565 20.168
1 26 15 0.9405 0.9271 0 0 0.454 33.860 19.393
1 27 22 0.9306 -0.176 0 0 -3.115 32.486 19.855
1 28 13 0.7623 -0.573 0 0 -4.602 35.333 17.700
1 29 1 0.7574 -0.125 0 0 -2.698 34.333 14.499
1 30 10 0.7277 0.0238 0 0 -5.386 31.626 13.738
1 31 12 0.5099 -0.464 0 0 -7.994 33.999 12.255
1 32 18 0.3861 -0.514 0 0 -11.256 31.919 12.565
1 33 9 0.5990 0.0000 0 0 -10.478 30.962 16.214
1 34 7 0.5346 -0.063 0 0 -10.222 34.712 17.080
1 35 15 0.2178 -0.895 0 0 -13.575 35.353 15.284
1 36 7 0.2128 -0.510 0 0 -15.448 32.553 17.130
1 37 13 0.3960 0.2003 0 0 -13.847 32.919 20.596
1 38 13 0.2326 -0.284 0 0 -15.802 32.684 23.899
1 39 20 0.1683 -0.304 0 0 -15.127 35.028 26.890
1 40 22 0.1089 0.1285 0 0 -15.819 33.561 30.390
1 41 16 0.0396 -0.884 0 0 -15.284 36.348 32.973
1 42 18 0.0198 -0.785 0 0 -15.342 34.226 36.172
1 43 12 0.1534 0.1758 0 0 -12.632 31.782 34.923
1 44 9 0.2673 0.0000 0 0 -10.448 34.655 33.563
1 45 22 0.5247 0.2812 0 0 -10.186 33.148 30.052
1 46 7 0.5495 -0.226 0 0 -11.006 33.444 26.312
1 47 22 0.6386 -0.350 0 0 -11.372 29.953 24.706
1 48 10 0.6930 0.3201 0 0 -10.347 29.889 21.006
1 49 16 0.6237 -0.790 0 0 -11.501 26.994 18.760
1 50 12 0.7425 0.8813 0 0 -8.477 26.247 16.545
1 51 22 0.5841 -0.968 0 0 -9.527 23.696 13.874
1 52 15 0.6039 0.9669 0 0 -6.743 21.859 11.940
1 53 10 0.3465 -0.358 0 0 -7.231 19.496 8.928
1 54 18 0.2574 0.3907 0 0 -5.283 16.212 8.897
1 55 2 0.0544 0.0582 0 0 -4.946 13.149 6.616
1 56 1 0.0346 0.0894 0 0 -7.320 11.205 8.940
1 57 9 0.0643 0.0000 0 0 -9.886 14.073 9.295
1 58 16 0.1980 -0.910 0 0 -10.553 17.324 11.198
1 59 11 0.4801 0.6051 0 0 -9.448 17.982 14.804
1 60 13 0.5940 -0.549 0 0 -10.262 20.819 17.247
1 61 15 0.7772 0.5650 0 0 -7.957 22.359 19.890
1 62 2 0.7376 -0.985 0 0 -9.916 24.509 22.400
1 63 22 0.8663 0.8313 0 0 -7.150 26.909 23.484
1 64 19 0.8019 -0.723 0 0 -7.530 28.634 26.854
1 65 3 0.8168 0.1528 0 0 -5.805 32.102 26.902
1 66 18 0.6881 0.2028 0 0 -5.699 34.134 30.170
1 67 0 0.4851 -0.787 0 0 -7.330 37.543 30.731
1 68 9 0.4653 0.0000 0 0 -4.099 38.908 32.292
1 69 6 0.3069 0.3609 0 0 -4.353 37.576 35.871
1 70 7 0.5049 0.8002 0 0 -0.825 35.944 35.738
1 71 13 0.2821 0.1890 0 0 0.749 39.437 36.147
1 72 15 0.0742 -0.109 0 0 -0.321 39.833 39.811
1 73 9 0.1188 0.0000 0 0 -0.694 36.174 40.844
1 74 9 0.2920 0.0000 0 0 -0.912 32.469 39.931
1 75 12 0.4158 0.9514 0 0 -3.775 30.623 38.171
1 76 1 0.1732 -0.655 0 0 -6.619 28.829 39.965
1 77 3 0.1633 -0.565 0 0 -7.228 25.045 39.862
1 78 9 0.1584 0.0000 0 0 -10.397 25.585 37.707
1 79 20 0.5148 0.7745 0 0 -8.219 26.820 34.773
1 80 20 0.5643 0.3068 0 0 -6.180 23.582 34.717
1 81 11 0.3514 -0.854 0 0 -8.714 20.802 35.539
1 82 6 0.3762 -0.694 0 0 -9.555 18.441 32.654
1 83 0 0.6732 0.6890 0 0 -6.858 19.732 30.185
1 84 6 0.6831 -0.565 0 0 -5.624 17.011 27.784
1 85 5 0.8366 0.3543 0 0 -2.449 18.868 26.639
1 86 0 0.9554 -0.551 0 0 -0.513 22.149 27.236
1 87 11 0.9950 0.9482 0 0 1.828 24.925 25.982
1 88 11 0.9801 -0.876 0 0 4.325 26.770 28.293
1 89 14 0.9752 0.5063 0 0 5.788 29.961 26.753
1 90 15 0.8712 -0.192 0 0 8.735 32.226 27.570
1 91 3 0.7673 -0.699 0 0 10.468 35.228 25.926
1 92 22 0.6683 0.3269 0 0 14.036 34.599 24.638
1 93 18 0.4257 -0.036 0 0 15.160 38.214 25.330
1 94 17 0.4059 0.0781 0 0 14.109 37.975 29.011
1 95 1 0.3415 -0.641 0 0 15.890 35.597 31.420
1 96 22 0.2970 -0.352 0 0 13.410 36.044 34.360
1 97 18 0.6188 0.4175 0 0 10.571 34.558 32.153
1 98 20 0.6435 -0.270 0 0 12.759 31.442 31.429
1 99 13 0.4108 -0.725 0 0 13.671 30.935 35.144
1 100 2 0.5297 -0.427 0 0 9.990 30.711 36.143
1 101 22 0.7079 0.6622 0 0 9.380 27.724 33.686
1 102 16 0.5396 -0.401 0 0 9.909 24.990 36.364
1 103 2 0.4950 -0.822 0 0 7.062 26.506 38.519
1 104 19 0.7029 0.2835 0 0 4.597 26.624 35.552
1 105 10 0.6980 0.0121 0 0 5.478 22.925 34.896
1 106 1 0.4554 -0.415 0 0 4.943 22.029 38.601
1 107 3 0.5 -0.045 0 0 1.314 23.364 38.525
1 108 12 0.6633 0.9983 0 0 0.501 21.331 35.340
1 109 22 0.4702 -0.224 0 0 1.861 18.062 36.897
1 110 1 0.2079 -0.189 0 0 0.027 18.633 40.219
1 111 22 0.2623 0.1907 0 0 -3.454 19.043 38.659
1 112 5 0.4356 0.8470 0 0 -3.169 17.080 35.346
1 113 7 0.3118 -0.955 0 0 -0.423 14.420 35.896
1 114 2 0.4009 -0.885 0 0 0.825 12.678 32.687
1 115 11 0.6534 0.4148 0 0 -0.237 14.911 29.722
1 116 16 0.7722 -0.279 0 0 1.859 15.815 26.614
1 117 11 0.9108 -0.350 0 0 3.385 19.336 27.063
1 118 22 0.9702 0.5109 0 0 5.327 21.549 24.535
1 119 12 0.9603 -0.792 0 0 7.789 24.328 25.660
1 120 5 0.9900 0.9168 0 0 7.978 27.393 23.313
1 121 9 0.9059 0.0000 0 0 10.636 30.176 23.187
1 122 2 0.8910 0.2396 0 0 8.923 33.244 21.567
1 123 13 0.7326 -0.081 0 0 10.316 36.470 19.963
1 124 22 0.6584 0.5291 0 0 13.147 34.935 17.885
1 125 3 0.4900 0.3625 0 0 12.880 37.763 15.249
1 126 11 0.2871 0.2602 0 0 14.706 40.126 17.715
1 127 13 0.0891 -0.796 0 0 18.478 40.247 17.037
1 128 3 0.0594 -0.586 0 0 19.871 40.504 20.626
1 129 1 0.2376 0.7124 0 0 18.824 37.057 22.010
1 130 13 0.1930 -0.564 0 0 19.665 36.134 25.623
1 131 22 0.4306 0.6294 0 0 18.342 32.571 26.117
1 132 13 0.3910 -0.755 0 0 19.821 30.171 23.522
1 133 0 0.4504 -0.289 0 0 19.522 26.492 22.469
1 134 13 0.1782 -0.389 0 0 22.102 25.193 25.011
1 135 17 0.3564 -0.206 0 0 19.899 26.337 27.995
1 136 11 0.5742 0.9114 0 0 16.880 24.203 26.832
1 137 22 0.3712 -0.875 0 0 18.710 20.847 27.361
1 138 15 0.3267 -0.151 0 0 17.541 20.638 31.048
1 139 10 0.6138 0.3213 0 0 13.838 20.835 29.983
1 140 1 0.5594 0.1827 0 0 14.248 18.064 27.336
1 141 13 0.2772 -0.739 0 0 15.572 15.761 30.116
1 142 13 0.4405 -0.427 0 0 12.271 16.499 31.991
1 143 2 0.5693 -0.649 0 0 10.265 15.288 28.924
1 144 12 0.7821 0.3295 0 0 9.159 18.609 27.458
1 145 6 0.8316 -0.062 0 0 9.312 18.909 23.646
1 146 20 0.8811 -0.097 0 0 10.786 22.316 22.479
1 147 20 0.9257 0.1259 0 0 10.374 24.725 19.466
1 148 3 0.8415 -0.946 0 0 11.794 28.225 18.630
1 149 11 0.9158 0.9618 0 0 8.761 30.480 17.690
1 150 17 0.8069 -0.992 0 0 8.020 34.006 16.347
1 151 0 0.8465 0.3612 0 0 4.305 34.918 16.767
1 152 13 0.6782 -0.419 0 0 4.633 38.185 14.762
1 153 17 0.5891 0.0081 0 0 6.023 36.585 11.547
1 154 2 0.7475 -0.383 0 0 4.264 33.171 11.902
1 155 20 0.7524 -0.246 0 0 7.668 31.337 12.157
1 156 2 0.8267 -0.235 0 0 7.061 27.665 13.099
1 157 15 0.9207 0.1624 0 0 3.369 28.305 14.011
1 158 7 0.8762 -0.828 0 0 2.128 24.769 13.138
1 159 13 0.9009 -0.654 0 0 4.929 22.817 14.910
1 160 16 0.9851 0.6418 0 0 3.504 22.645 18.457
1 161 15 0.9504 0.5698 0 0 -0.026 21.612 17.246
1 162 12 0.7970 -0.747 0 0 1.258 18.907 14.807
1 163 19 0.8217 0.1195 0 0 3.475 17.310 17.536
1 164 12 0.8564 0.8581 0 0 0.562 17.370 20.069
1 165 0 0.7227 -0.076 0 0 -1.872 15.811 17.478
1 166 1 0.5792 0.0116 0 0 0.606 12.942 16.667
1 167 13 0.6089 0.2695 0 0 1.059 12.127 20.424
1 168 12 0.5544 0.7627 0 0 -2.673 12.222 21.410
1 169 11 0.3366 0.1449 0 0 -3.905 10.173 18.404
1 170 9 0.1881 0.0000 0 0 -0.930 7.738 18.563
1 171 3 0.1485 -0.425 0 0 0.271 8.134 14.961
1 172 16 0.2277 -0.758 0 0 3.765 9.396 14.033
1 173 2 0.1039 -0.879 0 0 2.888 9.632 10.281
1 174 12 0.2475 0.4424 0 0 -0.122 12.015 10.718
1 175 7 0.3316 -0.391 0 0 0.106 15.205 8.534
1 176 15 0.4207 0.9760 0 0 -1.815 18.479 7.992
1 177 22 0.1287 -0.572 0 0 -3.312 18.490 4.442
1 178 0 0.1831 -0.599 0 0 -3.915 22.291 4.349
1 179 14 0.4603 0.7067 0 0 -2.838 25.256 6.531
1 180 16 0.5198 0.9564 0 0 -5.358 27.416 8.438
1 181 0 0.3811 -0.746 0 0 -5.859 31.066 7.392
1 182 12 0.5445 0.7508 0 0 -3.286 33.120 9.331
1 183 0 0.4752 0.4563 0 0 -2.837 36.814 10.149
1 184 16 0.2524 -0.635 0 0 -0.353 38.366 7.690
1 185 16 0.3613 -0.137 0 0 3.190 38.795 9.060
1 186 7 0.2425 0.4055 0 0 3.866 42.045 10.940
1 187 22 0.2227 0.4618 0 0 7.674 41.597 10.832
1 188 22 0.1386 -0.937 0 0 10.131 39.704 8.592
1 189 14 0.3217 0.6931 0 0 11.949 36.675 10.152
1 190 3 0.0940 -0.747 0 0 15.552 37.202 8.958
1 191 16 0.0495 -0.627 0 0 16.733 34.141 6.998
1 192 0 0.0148 -0.782 0 0 20.345 34.328 8.260
1 193 12 0.1138 0.1001 0 0 19.111 34.150 11.906
1 194 0 0.2722 0.1503 0 0 16.795 31.150 11.151
1 195 0 0.0841 -0.920 0 0 19.661 29.105 9.580
1 196 6 0.0693 -0.039 0 0 21.979 29.854 12.573
1 197 20 0.3168 0.3067 0 0 19.334 28.863 15.180
1 198 7 0.3019 0.1958 0 0 18.575 25.581 13.296
1 199 10 0.0792 -0.925 0 0 22.342 24.961 13.542
1 200 3 0.1336 -0.051 0 0 22.405 25.785 17.308
1 201 12 0.3663 0.9792 0 0 19.578 23.277 18.072
1 202 7 0.1237 -0.630 0 0 21.270 20.440 16.067
1 203 22 0.0297 -0.602 0 0 24.662 21.003 17.810
1 204 0 0.0990 0.8005 0 0 23.028 21.078 21.302
1 205 6 0.1435 0.8639 0 0 20.752 18.034 20.759
1 206 18 0.0247 -0.720 0 0 22.906 15.827 18.476
1 207 18 0.0099 -0.769 0 0 23.888 12.423 19.906
0 208 0 0 0 0 0 23.888 12.423 19.906
0 209 12 0 0 0 0 23.888 12.423 19.906
0 210 16 0 0 0 0 23.888 12.423 19.906
0 211 3 0 0 0 0 23.888 12.423 19.906
0 212 7 0 0 0 0 23.888 12.423 19.906
0 213 3 0 0 0 0 23.888 12.423 19.906
0 214 3 0 0 0 0 23.888 12.423 19.906
0 215 3 0 0 0 0 23.888 12.423 19.906
0 216 12 0 0 0 0 23.888 12.423 19.906
