1 1 22 0.0357 0.0254 0 0 13.925 4.610 16.790
1 2 18 0.0952 0.0980 0 0 13.111 6.504 13.595
1 3 17 0.2023 -0.396 0 0 14.531 5.495 10.227
1 4 11 0.4940 0.3525 0 0 15.279 8.125 7.578
1 5 13 0.625 -0.859 0 0 15.893 7.173 3.934
1 6 12 0.8690 0.7918 0 0 18.645 9.395 2.563
1 7 22 0.9345 -0.400 0 0 20.395 9.586 -0.768
1 8 12 0.9880 0.5037 0 0 23.623 11.315 -1.831
1 9 12 0.9523 -0.487 0 0 23.801 12.760 -5.337
1 10 9 0.9226 0.0000 0 0 26.451 14.795 -7.136
1 11 7 0.7559 -0.958 0 0 29.220 14.839 -9.768
1 12 0 0.6488 -0.952 0 0 31.867 12.129 -9.602
1 13 0 0.6428 -0.914 0 0 34.728 12.654 -7.158
1 14 22 0.8273 0.5756 0 0 33.124 15.445 -5.098
1 15 9 0.875 0.0000 0 0 33.463 13.326 -1.929
1 16 13 0.9642 0.0348 0 0 29.991 11.660 -1.455
1 17 17 0.8571 -0.634 0 0 31.558 8.401 -0.289
1 18 17 0.8035 -0.519 0 0 34.087 10.214 1.827
1 19 11 0.9285 0.8749 0 0 31.332 12.186 3.568
1 20 22 0.9107 0.2107 0 0 29.511 8.941 4.396
1 21 12 0.6845 -0.796 0 0 32.696 7.158 5.583
1 22 1 0.6785 -0.475 0 0 33.508 10.054 7.850
1 23 15 0.75 0.3605 0 0 29.981 10.043 9.261
1 24 22 0.5535 0.1359 0 0 29.679 6.261 9.685
1 25 17 0.3214 -0.033 0 0 33.241 5.231 10.611
1 26 2 0.3392 -0.545 0 0 35.074 8.518 11.412
1 27 3 0.2619 -0.704 0 0 37.628 7.525 8.782
1 28 15 0.375 0.1961 0 0 39.050 9.122 5.619
1 29 0 0.1785 0.0125 0 0 40.854 7.522 2.630
1 30 7 0.1369 -0.247 0 0 42.892 9.673 0.227
1 31 2 0.1071 -0.941 0 0 42.601 6.781 -2.236
1 32 13 0.2916 0.7389 0 0 38.819 6.100 -1.993
1 33 7 0.1904 -0.588 0 0 37.743 4.341 -5.230
1 34 16 0.3928 -0.766 0 0 34.784 5.393 -7.413
1 35 18 0.4702 0.8713 0 0 31.532 3.853 -6.287
1 36 11 0.2142 -0.871 0 0 30.065 1.138 -8.445
1 37 9 0.3154 0.0000 0 0 26.390 1.954 -9.021
1 38 0 0.5297 0.2232 0 0 25.697 2.781 -5.360
1 39 0 0.5238 0.2051 0 0 26.632 1.682 -1.819
1 40 15 0.5059 -0.300 0 0 24.305 1.269 1.185
1 41 12 0.5654 0.3508 0 0 25.364 2.285 4.719
1 42 18 0.4880 -0.891 0 0 23.628 2.970 8.034
1 43 6 0.4761 -0.027 0 0 24.476 5.170 11.014
1 44 1 0.2857 -0.759 0 0 22.447 6.077 14.150
1 45 22 0.2738 0.7928 0 0 22.503 9.438 15.937
1 46 18 0.0892 -0.842 0 0 20.997 10.353 19.327
1 47 11 0.0714 0.7401 0 0 18.652 13.338 19.695
1 48 2 0.0059 -0.812 0 0 17.643 13.491 23.368
1 49 7 0.0 -0.376 0 0 16.239 9.955 23.943
1 50 10 0.0297 -0.094 0 0 15.478 9.344 20.283
1 51 18 0.0654 -0.333 0 0 17.608 7.170 18.007
1 52 22 0.2261 0.5081 0 0 17.638 8.445 14.422
1 53 13 0.3452 -0.461 0 0 18.785 5.756 11.964
1 54 15 0.6309 0.5365 0 0 19.944 6.890 8.534
1 55 7 0.6011 -0.897 0 0 19.523 4.395 5.710
1 56 11 0.8154 0.5321 0 0 21.975 5.819 3.187
1 57 19 0.7976 -0.971 0 0 22.218 5.212 -0.548
1 58 3 0.8988 0.0784 0 0 25.552 6.656 -1.657
1 59 18 0.8214 0.2877 0 0 25.165 6.888 -5.420
1 60 0 0.6726 -0.984 0 0 27.940 6.735 -7.969
1 61 9 0.6964 0.0000 0 0 28.297 10.102 -9.719
1 62 6 0.4166 -0.429 0 0 29.922 8.921 -12.927
1 63 7 0.1726 -0.545 0 0 27.649 9.256 -15.927
1 64 1 0.0833 -0.156 0 0 28.020 5.500 -16.656
1 65 15 0.1964 -0.013 0 0 25.821 4.998 -13.608
1 66 0 0.3035 -0.293 0 0 23.460 7.928 -14.050
1 67 17 0.1309 -0.909 0 0 20.366 5.993 -14.927
1 68 12 0.2321 -0.285 0 0 20.464 4.144 -11.596
1 69 0 0.5119 0.4396 0 0 19.929 7.334 -9.578
1 70 16 0.4047 -0.482 0 0 16.084 7.453 -9.686
0 71 21 0 0 0 0 16.084 7.453 -9.686
1 72 20 0.5714 -0.105 0 0 17.771 5.402 -5.051
1 73 20 0.6666 -0.191 0 0 16.085 8.842 -4.786
1 74 1 0.3869 -0.444 0 0 12.587 7.580 -5.553
1 75 2 0.3511 -0.711 0 0 11.485 7.111 -1.951
1 76 0 0.6369 0.8739 0 0 14.174 9.146 -0.248
1 77 6 0.6130 -0.594 0 0 13.043 11.349 2.588
1 78 0 0.8511 0.2868 0 0 16.253 13.417 2.396
1 79 0 0.9583 -0.388 0 0 18.909 14.109 -0.206
1 80 12 0.9940 0.6048 0 0 22.369 15.556 0.038
1 81 22 0.9761 -0.969 0 0 23.326 17.271 -3.263
1 82 22 0.9821 0.5832 0 0 27.116 17.442 -3.023
1 83 20 0.9047 -0.221 0 0 29.590 19.593 -4.970
1 84 3 0.7619 -0.688 0 0 33.328 20.346 -4.546
1 85 22 0.5833 0.1195 0 0 34.041 23.998 -3.618
1 86 18 0.3095 -0.027 0 0 37.227 23.847 -5.761
1 87 13 0.3690 -0.028 0 0 35.410 22.611 -8.921
1 88 16 0.25 -0.853 0 0 32.878 24.984 -10.486
1 89 6 0.2678 -0.350 0 0 31.682 22.267 -12.855
1 90 17 0.6071 0.4780 0 0 30.443 20.278 -9.907
1 91 15 0.6190 -0.113 0 0 28.302 23.201 -8.808
1 92 11 0.4345 -0.905 0 0 26.601 23.432 -12.197
1 93 13 0.5952 0.0361 0 0 25.774 19.709 -11.758
1 94 0 0.7857 0.4212 0 0 24.412 20.477 -8.274
1 95 1 0.5416 -0.506 0 0 22.057 23.039 -9.792
1 96 10 0.4642 -0.703 0 0 20.814 20.395 -12.225
1 97 19 0.7261 0.3727 0 0 20.380 17.851 -9.440
1 98 22 0.6904 0.1545 0 0 18.168 20.249 -7.489
1 99 13 0.4107 -0.884 0 0 15.871 20.786 -10.467
1 100 7 0.4404 0.1310 0 0 15.709 17.067 -11.164
1 101 12 0.5892 0.9828 0 0 14.763 16.318 -7.538
1 102 10 0.3571 0.0592 0 0 12.094 19.009 -7.601
1 103 7 0.125 -0.251 0 0 10.645 17.466 -10.792
1 104 6 0.1666 -0.487 0 0 11.090 13.777 -10.123
1 105 0 0.4226 0.9730 0 0 11.602 13.029 -6.399
1 106 17 0.2380 0.1918 0 0 8.952 12.872 -3.667
1 107 13 0.1428 -0.456 0 0 7.238 16.254 -3.211
1 108 3 0.2202 -0.311 0 0 8.129 16.183 0.476
1 109 11 0.5595 0.6616 0 0 11.823 15.399 0.241
1 110 11 0.7380 -0.277 0 0 14.208 17.534 2.304
1 111 11 0.8928 -0.225 0 0 17.324 18.634 0.423
1 112 0 0.9464 0.4273 0 0 20.650 19.767 1.801
1 113 12 0.9404 -0.727 0 0 23.154 21.452 -0.556
1 114 22 0.9702 0.7907 0 0 26.689 20.532 0.527
1 115 9 0.8869 0.0000 0 0 29.940 22.166 -0.660
1 116 2 0.8630 0.3324 0 0 32.740 19.686 0.189
1 117 13 0.6547 0.0869 0 0 36.586 19.733 0.374
1 118 11 0.4821 0.3769 0 0 36.862 23.079 2.184
1 119 3 0.2559 0.3623 0 0 40.051 21.810 3.891
0 120 21 0 0 0 0 40.051 21.810 3.891
1 121 12 0.1011 0.6359 0 0 41.335 26.000 0.886
1 122 6 0.0416 0.2684 0 0 43.812 26.115 3.758
1 123 7 0.0238 -0.117 0 0 46.543 24.482 1.692
1 124 9 0.0119 0.0000 0 0 47.050 24.482 -2.083
1 125 9 0.0535 0.0000 0 0 43.421 25.010 -3.045
1 126 7 0.0476 -0.708 0 0 41.372 27.605 -4.910
1 127 1 0.1130 0.4587 0 0 37.852 28.474 -3.737
1 128 13 0.1190 -0.580 0 0 35.912 28.318 -6.978
1 129 22 0.2976 0.8698 0 0 32.371 28.433 -5.539
1 130 0 0.1607 -0.785 0 0 31.834 31.345 -3.205
1 131 1 0.3273 0.0870 0 0 30.017 30.336 0.008
1 132 7 0.1547 -0.732 0 0 27.515 33.115 -0.720
1 133 7 0.2083 -0.807 0 0 26.703 31.517 -4.081
1 134 9 0.5357 0.0000 0 0 25.945 28.203 -2.419
1 135 7 0.4523 -0.355 0 0 23.839 30.011 0.204
1 136 13 0.1845 -0.688 0 0 21.992 31.892 -2.538
1 137 12 0.4464 0.5828 0 0 21.114 28.713 -4.422
1 138 0 0.5773 0.5079 0 0 19.949 27.126 -1.152
1 139 7 0.2440 -0.960 0 0 17.845 30.144 -0.237
1 140 7 0.1488 -0.365 0 0 16.217 30.399 -3.682
1 141 13 0.3630 -0.009 0 0 15.434 26.714 -3.957
1 142 9 0.4285 0.0000 0 0 14.479 25.999 -0.327
1 143 12 0.7083 0.3182 0 0 17.432 23.827 0.631
1 144 12 0.7738 0.1087 0 0 19.578 23.439 3.744
1 145 15 0.8095 -0.249 0 0 23.158 24.551 3.174
1 146 15 0.8452 0.2474 0 0 26.470 23.314 4.531
1 147 7 0.7916 -0.714 0 0 30.191 23.435 3.690
1 148 18 0.8333 0.9649 0 0 32.125 20.358 4.776
1 149 17 0.7202 -0.962 0 0 35.393 18.570 4.813
1 150 0 0.7678 0.4361 0 0 35.257 14.790 4.795
1 151 13 0.4583 -0.755 0 0 39.004 14.825 5.301
1 152 18 0.3333 -0.111 0 0 39.021 16.819 8.567
1 153 9 0.5178 0.0000 0 0 35.427 15.980 9.539
1 154 7 0.5 -0.382 0 0 34.425 19.691 9.608
1 155 2 0.7023 -0.319 0 0 30.603 20.041 9.704
1 156 22 0.8392 0.1668 0 0 29.923 16.464 8.492
1 157 2 0.7440 -0.766 0 0 27.848 15.472 11.515
1 158 3 0.7321 -0.652 0 0 26.052 18.824 11.294
1 159 22 0.9166 0.9112 0 0 24.696 17.849 7.827
1 160 15 0.8809 0.6188 0 0 23.054 14.644 9.068
1 161 12 0.6607 -0.695 0 0 21.802 16.109 12.345
1 162 9 0.7142 0.0000 0 0 20.376 19.101 10.443
1 163 11 0.7797 0.8795 0 0 18.271 16.675 8.418
1 164 9 0.5476 0.0000 0 0 17.291 14.527 11.389
1 165 7 0.3809 -0.162 0 0 16.217 17.617 13.352
1 166 13 0.3988 0.3344 0 0 13.648 18.383 10.605
1 167 11 0.2797 0.7240 0 0 11.833 15.062 10.305
1 168 16 0.0773 0.0351 0 0 9.077 13.992 12.725
1 169 12 0.0595 0.5763 0 0 10.338 11.298 15.096
1 170 13 0.0178 0.4334 0 0 8.475 8.202 16.286
