1 1 17 0.0 -0.957 0 0 -11.666 43.553 59.846
1 2 18 0.0025 0.3046 0 0 -11.609 40.897 57.126
1 3 10 0.0259 -0.059 0 0 -9.522 37.759 57.580
1 4 15 0.0935 0.3495 0 0 -9.165 35.590 54.466
1 5 3 0.1350 -0.388 0 0 -8.518 31.871 54.062
1 6 22 0.2935 0.6750 0 0 -5.625 32.617 51.682
1 7 11 0.3974 -0.627 0 0 -3.775 35.723 50.576
1 8 22 0.6051 0.7118 0 0 -1.888 35.875 47.266
1 9 22 0.6337 -0.636 0 0 0.804 38.546 47.007
1 10 9 0.7896 0.0000 0 0 1.510 39.304 43.343
1 11 0 0.8259 -0.837 0 0 -1.482 38.585 41.150
1 12 9 0.9324 0.0000 0 0 0.307 38.061 37.883
1 13 17 0.9740 0.8914 0 0 0.889 34.938 35.801
1 14 14 0.9558 0.7800 0 0 1.182 32.589 38.759
1 15 9 0.8753 0.0000 0 0 -0.807 34.405 41.433
1 16 14 0.8571 -0.362 0 0 -3.911 34.971 39.346
1 17 0 0.8727 0.8138 0 0 -4.042 31.340 38.261
1 18 0 0.7740 0.0815 0 0 -3.703 30.287 41.913
1 19 9 0.6571 0.0000 0 0 -6.507 32.764 42.714
1 20 20 0.6389 0.0716 0 0 -8.731 31.169 40.137
1 21 6 0.6077 0.4971 0 0 -7.975 27.660 41.450
1 22 12 0.4675 0.2766 0 0 -8.683 28.721 45.033
1 23 0 0.3636 0.3296 0 0 -11.883 30.646 44.329
1 24 13 0.3376 0.5348 0 0 -13.203 27.782 42.239
1 25 6 0.2233 0.5004 0 0 -13.155 25.726 45.426
1 26 9 0.1376 0.0000 0 0 -14.922 28.269 47.602
1 27 22 0.1922 0.5753 0 0 -11.716 29.288 49.396
1 28 13 0.1506 -0.733 0 0 -12.029 32.932 50.576
1 29 18 0.3012 0.8484 0 0 -9.144 34.585 48.761
1 30 12 0.3428 -0.428 0 0 -7.546 38.023 48.609
1 31 12 0.5272 0.5777 0 0 -5.102 38.810 45.784
1 32 22 0.5090 -0.751 0 0 -2.891 41.864 46.227
1 33 3 0.6207 0.8517 0 0 -1.001 43.445 43.321
1 34 0 0.5532 0.4099 0 0 1.257 46.498 43.023
1 35 15 0.5896 0.2583 0 0 -0.494 47.353 39.757
1 36 3 0.5922 -0.694 0 0 -3.731 46.290 37.986
1 37 16 0.7714 -0.036 0 0 -3.234 42.927 36.184
1 38 16 0.8363 -0.217 0 0 -2.805 42.324 33.394
1 39 10 0.7870 0.2460 0 0 -0.348 45.192 33.071
1 40 18 0.8025 -0.730 0 0 2.914 46.168 31.395
1 41 2 0.7974 -0.941 0 0 5.253 46.461 34.355
1 42 9 0.9220 0.0000 0 0 5.870 42.797 35.098
1 43 17 0.9688 0.2788 0 0 6.695 39.668 33.133
1 44 10 0.9766 -0.554 0 0 3.409 38.909 31.316
1 45 10 0.9480 -0.365 0 0 2.805 41.507 28.633
1 46 9 0.9038 0.0000 0 0 3.736 41.690 24.994
1 47 3 0.8805 -0.977 0 0 0.516 39.855 24.062
1 48 18 0.9402 -0.834 0 0 1.904 36.391 23.287
1 49 1 0.9714 0.6479 0 0 3.734 33.475 24.882
1 50 11 0.9636 -0.412 0 0 4.947 30.215 23.420
1 51 11 0.9532 -0.274 0 0 3.810 26.942 24.960
1 52 1 0.9090 0.3909 0 0 5.926 23.889 24.017
1 53 10 0.8129 -0.148 0 0 5.449 20.305 25.286
1 54 0 0.6961 -0.682 0 0 8.713 18.560 24.147
1 55 20 0.8103 0.9606 0 0 10.925 20.582 26.474
1 56 9 0.7636 0.0000 0 0 14.500 21.576 25.674
1 57 7 0.8441 0.9013 0 0 15.078 23.000 29.148
1 58 9 0.7142 0.0000 0 0 14.418 19.495 30.467
1 59 1 0.6415 -0.921 0 0 12.212 16.488 29.797
1 60 7 0.6623 -0.032 0 0 11.121 16.560 33.467
1 61 20 0.8415 0.6290 0 0 8.841 19.565 32.677
1 62 22 0.7584 -0.738 0 0 6.760 17.609 30.176
1 63 16 0.6831 -0.413 0 0 4.051 16.385 32.532
1 64 12 0.8493 0.6116 0 0 3.414 19.922 33.831
1 65 0 0.8987 0.0192 0 0 3.434 21.272 30.268
1 66 12 0.7506 -0.697 0 0 0.813 18.696 29.190
1 67 1 0.7402 -0.397 0 0 -1.334 19.393 32.220
1 68 17 0.8909 0.8459 0 0 -1.042 23.173 31.595
1 69 6 0.8389 -0.160 0 0 -2.056 22.653 27.972
1 70 7 0.6727 -0.642 0 0 -5.208 20.768 29.056
1 71 12 0.7532 0.1766 0 0 -5.928 23.651 31.538
1 72 19 0.8337 0.9906 0 0 -5.514 26.272 28.774
1 73 20 0.6441 -0.080 0 0 -8.047 24.358 26.621
1 74 7 0.5662 -0.121 0 0 -10.387 24.462 29.647
1 75 12 0.6649 0.7173 0 0 -9.934 28.196 30.080
1 76 7 0.6 0.1062 0 0 -10.685 28.697 26.378
1 77 13 0.4103 -0.195 0 0 -14.124 27.120 26.940
1 78 7 0.4259 0.3436 0 0 -14.814 29.171 30.041
1 79 18 0.4519 0.8783 0 0 -14.241 32.724 28.827
1 80 10 0.3714 -0.129 0 0 -14.967 34.957 25.843
1 81 10 0.5454 0.1114 0 0 -11.328 36.088 25.783
1 82 13 0.6285 -0.211 0 0 -9.028 34.325 23.239
1 83 11 0.7792 0.0914 0 0 -6.606 31.993 25.000
1 84 15 0.7766 0.1092 0 0 -4.746 29.696 22.600
1 85 18 0.6753 -0.376 0 0 -3.939 29.366 18.907
1 86 13 0.6311 -0.582 0 0 -2.343 26.096 17.783
1 87 18 0.6129 0.7422 0 0 0.449 27.473 15.618
1 88 9 0.6181 0.0000 0 0 2.767 24.545 16.308
1 89 22 0.7012 0.9664 0 0 6.309 25.310 17.505
1 90 12 0.5948 -0.844 0 0 9.480 24.868 15.492
1 91 22 0.6103 0.5444 0 0 12.818 24.223 17.193
1 92 15 0.4415 -0.118 0 0 16.049 24.181 15.187
1 93 9 0.3402 0.0000 0 0 19.781 24.496 15.460
1 94 16 0.1636 0.4621 0 0 23.148 23.385 14.035
1 95 13 0.0909 -0.654 0 0 23.204 19.581 13.934
1 96 9 0.0805 0.0000 0 0 24.985 18.093 16.936
1 97 7 0.1662 -0.719 0 0 25.635 21.524 18.374
1 98 17 0.3532 0.7277 0 0 22.544 22.383 20.382
1 99 0 0.4389 0.1473 0 0 21.863 20.870 23.789
1 100 15 0.6155 0.8332 0 0 18.462 22.593 23.583
1 101 22 0.5012 -0.597 0 0 17.519 20.936 20.272
1 102 0 0.3792 -0.557 0 0 18.897 17.581 21.543
1 103 7 0.5142 0.2629 0 0 16.924 17.640 24.797
1 104 18 0.6025 0.4903 0 0 13.792 18.740 22.925
1 105 14 0.4025 -0.462 0 0 14.190 15.638 20.755
1 106 7 0.3454 -0.784 0 0 14.879 13.358 23.734
1 107 0 0.5116 0.9849 0 0 11.921 14.752 25.589
1 108 0 0.4441 -0.063 0 0 9.596 14.042 22.658
1 109 13 0.2415 -0.562 0 0 10.796 10.427 22.372
1 110 7 0.2701 0.2468 0 0 10.602 9.837 26.091
1 111 10 0.3688 0.7066 0 0 7.030 11.057 26.364
1 112 17 0.2467 -0.747 0 0 5.910 9.798 22.969
1 113 12 0.4051 0.9246 0 0 5.040 13.289 21.823
1 114 18 0.3064 -0.376 0 0 3.890 13.877 18.236
1 115 22 0.3220 0.4561 0 0 6.662 15.622 16.308
1 116 3 0.2 -0.141 0 0 8.205 15.888 12.806
1 117 12 0.1584 0.0463 0 0 11.966 15.734 12.383
1 118 12 0.0857 0.4415 0 0 13.522 17.500 9.428
1 119 7 0.0545 -0.551 0 0 16.754 19.036 8.349
1 120 9 0.0285 0.0000 0 0 18.486 21.454 6.080
1 121 3 0.0077 -0.802 0 0 16.634 22.374 2.936
1 122 7 0.0233 -0.192 0 0 13.506 20.492 4.127
1 123 11 0.1064 0.6186 0 0 13.017 23.240 6.723
1 124 2 0.0467 -0.141 0 0 13.267 26.010 4.121
1 125 13 0.0155 -0.873 0 0 10.975 24.061 1.757
1 126 1 0.0571 0.5815 0 0 8.269 23.404 4.331
1 127 19 0.1428 0.7166 0 0 8.175 26.981 5.633
1 128 16 0.0493 -0.367 0 0 8.851 29.547 2.907
1 129 9 0.1298 0.0000 0 0 10.433 32.487 4.687
1 130 11 0.1740 0.7579 0 0 12.875 30.457 6.791
1 131 18 0.0753 -0.411 0 0 16.425 30.207 5.512
1 132 22 0.0987 0.6624 0 0 18.767 28.026 7.541
1 133 16 0.0337 0.6067 0 0 22.129 26.469 6.588
1 134 7 0.0051 -0.915 0 0 22.052 22.865 5.332
1 135 2 0.0207 0.1505 0 0 23.757 21.588 8.469
1 136 20 0.1090 0.4533 0 0 20.778 22.601 10.635
1 137 2 0.1532 0.1332 0 0 18.215 20.106 11.901
1 138 0 0.2909 0.0419 0 0 14.872 20.590 13.507
1 139 11 0.3896 0.4516 0 0 12.013 19.182 15.481
1 140 15 0.4493 -0.044 0 0 8.534 20.567 14.830
1 141 7 0.5428 0.7768 0 0 5.724 20.113 17.384
1 142 16 0.4753 -0.723 0 0 2.349 20.555 15.630
1 143 2 0.5610 -0.864 0 0 0.116 20.548 18.674
1 144 17 0.7662 0.2947 0 0 1.747 23.137 20.842
1 145 9 0.8285 0.0000 0 0 1.490 26.852 20.080
1 146 22 0.8883 -0.286 0 0 0.702 30.329 21.327
1 147 12 0.9376 0.5622 0 0 -1.046 31.674 24.411
1 148 15 0.9142 -0.807 0 0 -2.444 35.191 24.675
1 149 17 0.9584 0.6017 0 0 -0.995 35.910 28.087
1 150 7 0.9116 -0.181 0 0 -2.732 39.151 29.037
1 151 2 0.8311 -0.525 0 0 -6.007 37.450 28.018
1 152 5 0.9012 0.7054 0 0 -5.175 34.492 30.261
1 153 11 0.8961 0.6329 0 0 -4.622 36.642 33.306
1 154 1 0.7272 -0.235 0 0 -7.702 38.789 32.592
1 155 0 0.6805 0.2903 0 0 -9.851 35.639 32.149
1 156 20 0.7324 0.6679 0 0 -8.536 34.029 35.340
1 157 1 0.6519 -0.210 0 0 -9.170 37.302 37.156
1 158 7 0.4831 0.0454 0 0 -12.739 37.675 35.919
1 159 12 0.4623 0.3048 0 0 -13.566 34.054 36.707
1 160 0 0.4805 0.7680 0 0 -11.992 34.233 40.176
1 161 7 0.3350 0.2479 0 0 -13.731 37.514 41.062
1 162 0 0.2129 0.1850 0 0 -17.056 36.099 39.858
1 163 1 0.1974 0.2125 0 0 -16.550 33.348 42.415
1 164 9 0.1610 0.0000 0 0 -15.802 35.744 45.279
1 165 0 0.3038 0.9671 0 0 -12.059 36.342 45.140
1 166 13 0.2727 -0.970 0 0 -11.114 39.914 46.028
1 167 22 0.4311 0.7845 0 0 -8.387 41.705 44.125
1 168 12 0.3246 -0.648 0 0 -6.766 44.728 45.786
1 169 18 0.4181 -0.070 0 0 -4.921 46.708 43.101
1 170 10 0.3766 -0.035 0 0 -2.190 49.368 43.070
1 171 18 0.3194 -0.527 0 0 -1.158 48.136 46.472
1 172 1 0.3922 0.2208 0 0 2.436 47.211 47.085
1 173 22 0.3584 0.3381 0 0 3.002 44.734 49.883
1 174 7 0.2337 -0.552 0 0 5.941 46.035 51.915
1 175 3 0.1870 -0.779 0 0 6.439 43.479 54.684
1 176 15 0.1792 0.9936 0 0 5.179 40.200 56.135
1 177 3 0.0597 -0.986 0 0 4.449 38.911 59.613
1 178 11 0.0727 0.9427 0 0 4.368 35.121 59.719
1 179 17 0.0181 -0.459 0 0 3.394 33.097 62.764
1 180 16 0.0129 -0.841 0 0 2.705 29.376 63.191
1 181 3 0.0103 -0.931 0 0 -1.044 29.621 62.574
1 182 17 0.0363 -0.707 0 0 -1.474 32.797 60.513
1 183 22 0.1272 0.8666 0 0 0.075 35.153 58.036
1 184 13 0.0961 -0.795 0 0 -0.136 38.912 57.748
1 185 11 0.1818 0.7127 0 0 0.880 41.394 55.018
1 186 7 0.1116 -0.614 0 0 1.591 45.132 55.438
1 187 18 0.1454 0.4814 0 0 0.743 47.695 52.729
1 188 0 0.0519 0.2304 0 0 0.209 51.497 52.587
1 189 2 0.0441 0.4892 0 0 -3.508 50.856 52.169
1 190 9 0.0311 0.0000 0 0 -3.828 48.588 55.243
1 191 17 0.0415 -0.769 0 0 -2.827 45.186 56.690
1 192 20 0.0701 0.2555 0 0 -4.555 41.802 56.084
1 193 18 0.0623 -0.996 0 0 -4.445 38.357 57.693
1 194 0 0.1038 0.9716 0 0 -5.156 34.819 56.470
1 195 3 0.0831 -0.642 0 0 -4.310 31.208 57.316
1 196 13 0.2545 -0.204 0 0 -2.058 30.780 54.243
1 197 12 0.4285 0.0719 0 0 0.112 32.981 52.041
1 198 11 0.6233 0.4426 0 0 1.191 32.531 48.449
1 199 22 0.6935 -0.582 0 0 4.104 34.732 47.387
1 200 17 0.8675 0.1675 0 0 4.397 35.268 43.637
1 201 14 0.8545 -0.965 0 0 5.902 38.689 43.031
1 202 9 0.9506 0.0000 0 0 7.773 37.985 39.825
1 203 0 0.8831 -0.042 0 0 10.870 40.190 39.399
1 204 19 0.7454 0.0212 0 0 10.200 41.694 42.831
1 205 2 0.7688 0.6888 0 0 10.806 38.341 44.543
1 206 17 0.6779 0.2735 0 0 14.521 39.214 44.068
1 207 13 0.5194 -0.083 0 0 14.064 42.207 46.400
1 208 12 0.4961 0.0473 0 0 11.345 41.150 48.851
1 209 12 0.5038 0.8569 0 0 11.949 37.490 49.807
1 210 17 0.2987 -0.188 0 0 14.525 38.773 52.277
1 211 13 0.2363 -0.293 0 0 11.452 40.055 54.209
1 212 12 0.2649 0.6795 0 0 10.656 36.359 54.679
1 213 2 0.1766 -0.807 0 0 14.199 35.642 55.860
1 214 12 0.3142 0.5681 0 0 15.170 34.085 52.522
1 215 3 0.3272 -0.620 0 0 18.440 34.627 50.677
1 216 11 0.5064 0.5305 0 0 18.225 33.083 47.189
1 217 16 0.5480 -0.608 0 0 20.070 34.330 44.129
1 218 12 0.7116 0.4310 0 0 17.384 35.749 41.833
1 219 6 0.7090 -0.663 0 0 18.592 38.081 39.077
1 220 16 0.8233 -0.576 0 0 16.094 40.164 37.114
1 221 20 0.8155 -0.187 0 0 16.934 40.844 33.433
1 222 1 0.7818 -0.693 0 0 15.592 43.390 30.944
1 223 6 0.8597 0.3668 0 0 14.296 41.466 27.924
1 224 22 0.7922 -0.977 0 0 12.915 43.149 24.815
1 225 22 0.7948 0.8720 0 0 10.810 41.922 21.898
1 226 9 0.6259 0.0000 0 0 10.002 43.617 18.582
1 227 15 0.5402 0.6894 0 0 7.150 43.247 16.070
1 228 15 0.3506 0.2992 0 0 8.290 43.671 12.450
1 229 7 0.1948 -0.615 0 0 6.461 44.356 9.203
1 230 17 0.1714 0.9712 0 0 6.699 41.092 7.276
1 231 3 0.0675 -0.654 0 0 5.753 39.300 4.100
1 232 7 0.1194 0.5295 0 0 2.290 38.081 5.168
1 233 17 0.0389 -0.797 0 0 2.220 35.442 2.432
1 234 13 0.1246 -0.652 0 0 4.991 33.709 4.375
1 235 20 0.2753 -0.174 0 0 4.897 34.705 8.059
1 236 17 0.2883 -0.553 0 0 1.207 34.849 8.852
1 237 2 0.4233 0.4403 0 0 -0.345 32.417 11.297
1 238 3 0.2181 -0.106 0 0 -2.946 32.095 8.487
1 239 11 0.1480 -0.706 0 0 -0.418 30.364 6.213
1 240 3 0.2805 -0.458 0 0 0.802 28.221 9.131
1 241 15 0.3818 0.1413 0 0 4.078 29.930 9.930
1 242 16 0.5558 -0.584 0 0 4.914 28.474 13.374
1 243 9 0.7428 0.0000 0 0 5.913 29.866 16.740
1 244 15 0.7376 -0.372 0 0 9.618 29.031 17.251
1 245 14 0.8051 0.7448 0 0 12.474 28.796 19.718
1 246 22 0.6467 -0.479 0 0 15.823 28.124 18.141
1 247 7 0.5350 -0.076 0 0 19.521 28.005 18.794
1 248 22 0.3740 0.1698 0 0 22.101 29.706 16.587
1 249 16 0.2285 -0.584 0 0 25.825 30.413 17.218
1 250 2 0.3298 0.1825 0 0 25.255 33.508 19.374
1 251 9 0.5298 0.0000 0 0 22.399 32.032 21.372
1 252 11 0.6909 0.5186 0 0 18.700 31.307 21.563
1 253 20 0.7298 -0.792 0 0 15.928 33.247 19.855
1 254 20 0.8467 0.7797 0 0 12.161 32.806 19.965
1 255 9 0.8 0.0000 0 0 9.308 34.235 17.950
1 256 15 0.7558 0.9654 0 0 5.743 34.250 16.756
1 257 16 0.5688 0.4065 0 0 4.010 34.320 13.400
1 258 17 0.4779 -0.870 0 0 2.133 37.509 12.469
1 259 15 0.4909 0.8823 0 0 -1.443 37.400 13.800
1 260 9 0.2961 0.0000 0 0 -3.927 39.609 11.913
1 261 9 0.2493 0.0000 0 0 -1.044 41.505 10.309
1 262 5 0.4207 0.9509 0 0 0.575 42.540 13.620
1 263 9 0.4129 0.0000 0 0 3.939 41.454 12.231
1 264 12 0.5168 -0.012 0 0 6.371 38.658 13.142
1 265 13 0.6857 0.8995 0 0 7.464 39.035 16.782
1 266 12 0.7064 -0.633 0 0 11.009 38.139 17.881
1 267 9 0.8181 0.0000 0 0 13.007 38.046 21.101
1 268 20 0.7480 -0.727 0 0 16.642 37.233 21.887
1 269 10 0.8623 0.6913 0 0 16.601 34.974 24.932
1 270 18 0.7194 -0.812 0 0 20.297 34.471 25.763
1 271 15 0.6675 -0.706 0 0 21.082 38.128 26.479
1 272 9 0.6987 0.0000 0 0 19.434 40.811 28.594
1 273 6 0.5844 -0.237 0 0 20.595 43.700 30.793
1 274 13 0.5818 -0.302 0 0 20.872 43.005 34.518
1 275 11 0.5740 0.6986 0 0 18.421 45.437 36.112
1 276 3 0.5506 -0.634 0 0 16.368 46.265 39.226
1 277 16 0.6701 0.2032 0 0 12.561 46.028 38.739
1 278 3 0.4987 -0.102 0 0 12.028 49.466 40.187
1 279 18 0.4077 -0.562 0 0 14.638 51.234 38.010
1 280 11 0.5376 0.9710 0 0 14.455 49.300 34.728
1 281 2 0.4571 -0.720 0 0 14.042 51.503 31.633
1 282 1 0.5714 0.4948 0 0 10.849 50.192 30.037
1 283 7 0.4467 -0.984 0 0 11.296 52.013 26.745
1 284 15 0.4883 0.2141 0 0 12.210 49.888 23.742
1 285 9 0.3090 0.0000 0 0 15.122 51.208 21.706
1 286 22 0.2389 0.3912 0 0 17.034 53.089 24.375
1 287 20 0.2623 0.5127 0 0 19.868 50.584 23.955
1 288 16 0.1844 -0.618 0 0 21.117 49.969 20.393
1 289 7 0.3116 -0.103 0 0 21.215 46.180 21.039
1 290 3 0.4701 0.1406 0 0 17.418 46.208 21.539
1 291 7 0.3558 -0.641 0 0 16.746 46.401 17.836
1 292 17 0.2441 -0.457 0 0 20.080 45.323 16.320
1 293 2 0.3948 0.2463 0 0 20.253 41.885 18.037
1 294 12 0.4649 0.7512 0 0 16.814 41.174 16.525
1 295 1 0.2597 -0.311 0 0 17.573 42.286 12.947
1 296 0 0.2103 0.1804 0 0 20.877 40.379 13.030
1 297 15 0.3324 0.7169 0 0 18.844 37.154 13.395
1 298 12 0.2779 0.5777 0 0 16.079 38.151 10.955
1 299 7 0.1168 -0.321 0 0 18.313 39.170 8.053
1 300 7 0.1220 -0.366 0 0 20.062 35.830 8.332
1 301 20 0.2051 0.2651 0 0 17.211 33.352 9.062
1 302 14 0.2259 0.9187 0 0 13.827 35.009 8.288
1 303 16 0.0883 -0.363 0 0 14.776 37.662 5.736
1 304 9 0.0779 0.0000 0 0 11.221 38.451 4.670
1 305 0 0.2207 0.8458 0 0 10.288 39.442 8.231
1 306 2 0.1688 -0.234 0 0 12.901 42.213 8.622
1 307 9 0.1012 0.0000 0 0 10.748 45.190 7.710
1 308 7 0.1142 -0.511 0 0 9.879 48.319 9.604
1 309 12 0.2519 0.5808 0 0 9.653 48.003 13.406
1 310 13 0.2857 -0.074 0 0 5.953 48.238 14.246
1 311 1 0.4597 0.7344 0 0 6.084 47.856 18.001
1 312 9 0.5792 0.0000 0 0 8.484 47.174 20.852
1 313 0 0.7220 0.7268 0 0 7.945 45.953 24.444
1 314 22 0.7844 -0.783 0 0 10.285 45.643 27.460
1 315 5 0.9168 0.9116 0 0 9.683 42.895 29.938
1 316 14 0.9428 -0.579 0 0 11.571 41.018 32.673
1 317 20 0.9610 0.2307 0 0 12.946 37.533 33.387
1 318 18 0.9350 -0.061 0 0 13.946 36.529 36.943
1 319 13 0.8935 -0.061 0 0 16.659 33.848 36.763
1 320 18 0.8077 0.4473 0 0 17.703 31.284 39.317
1 321 12 0.6493 -0.851 0 0 21.297 29.955 39.062
1 322 3 0.6883 0.0790 0 0 20.183 26.699 37.379
1 323 7 0.8649 -0.032 0 0 17.359 28.408 35.483
1 324 10 0.8779 -0.625 0 0 14.771 26.042 36.968
1 325 15 0.9246 0.8372 0 0 11.771 27.315 38.905
1 326 11 0.8519 -0.436 0 0 11.216 27.608 42.630
1 327 11 0.8207 0.6908 0 0 7.832 26.189 43.661
1 328 3 0.6363 -0.659 0 0 7.737 25.031 47.249
1 329 12 0.4727 -0.550 0 0 6.727 25.764 50.829
1 330 10 0.3870 -0.423 0 0 8.867 28.258 52.771
1 331 16 0.2311 0.4801 0 0 11.412 26.022 54.565
1 332 7 0.1324 -0.190 0 0 10.513 27.542 57.949
1 333 10 0.1558 -0.210 0 0 6.791 28.121 57.416
1 334 17 0.1896 -0.826 0 0 4.549 25.450 56.007
1 335 2 0.2155 -0.700 0 0 1.788 28.056 55.742
1 336 22 0.3844 -0.129 0 0 3.771 30.081 53.164
1 337 22 0.5766 0.2319 0 0 4.093 29.026 49.513
1 338 11 0.7038 -0.510 0 0 6.749 30.539 47.189
1 339 0 0.8857 0.4394 0 0 6.600 30.780 43.368
1 340 0 0.9194 -0.909 0 0 9.717 32.393 41.926
1 341 9 0.9454 0.0000 0 0 12.567 32.325 39.427
1 342 15 0.9844 0.2440 0 0 10.722 31.357 36.294
1 343 17 0.9662 -0.711 0 0 13.791 32.318 34.314
1 344 9 0.9870 0.0000 0 0 12.059 33.459 31.169
1 345 10 0.9922 -0.784 0 0 10.099 30.270 30.479
1 346 9 0.9948 0.0000 0 0 7.342 30.007 33.064
1 347 15 0.9974 -0.423 0 0 4.210 31.412 31.450
1 348 13 0.9896 0.0804 0 0 3.152 28.328 29.565
1 349 15 0.9792 0.0148 0 0 3.069 26.534 32.927
1 350 17 0.9818 0.4621 0 0 1.145 29.188 34.821
1 351 17 0.9298 -0.131 0 0 -2.176 27.328 34.603
1 352 9 0.9064 0.0000 0 0 -0.576 24.189 36.025
1 353 22 0.9272 0.7315 0 0 1.403 26.214 38.561
1 354 9 0.8701 0.0000 0 0 -1.825 27.882 39.754
1 355 7 0.7350 -0.360 0 0 -3.104 24.376 40.500
1 356 22 0.7246 0.4381 0 0 0.074 23.354 42.311
1 357 12 0.7168 0.8232 0 0 0.073 26.526 44.429
1 358 17 0.5974 -0.750 0 0 -3.545 25.941 45.411
1 359 6 0.4857 0.2018 0 0 -2.757 22.398 46.479
1 360 12 0.4935 0.5915 0 0 0.314 23.523 48.473
1 361 0 0.4337 0.4823 0 0 -1.563 26.309 50.271
1 362 12 0.2675 0.2189 0 0 -4.555 24.139 51.111
1 363 18 0.2077 0.2743 0 0 -2.809 20.882 51.952
1 364 9 0.2571 0.0000 0 0 0.899 21.415 52.264
1 365 13 0.3168 -0.935 0 0 1.458 18.986 49.363
1 366 18 0.4545 0.9520 0 0 0.637 18.527 45.696
1 367 7 0.4 0.1544 0 0 -0.219 15.557 43.500
1 368 10 0.5636 0.6758 0 0 2.377 16.917 41.024
1 369 3 0.5220 -0.315 0 0 6.051 15.856 41.254
1 370 11 0.6597 0.1600 0 0 7.731 19.204 41.889
1 371 17 0.5246 -0.615 0 0 11.037 18.032 43.310
1 372 11 0.6545 0.4887 0 0 13.001 19.682 40.515
1 373 15 0.7610 0.7667 0 0 11.657 23.026 41.813
1 374 17 0.5870 -0.984 0 0 12.626 22.453 45.432
1 375 11 0.5584 -0.102 0 0 13.623 25.594 47.319
1 376 2 0.3662 -0.484 0 0 16.197 23.377 49.126
1 377 1 0.4155 0.9810 0 0 18.089 22.127 46.078
1 378 16 0.2831 -0.360 0 0 21.855 22.889 46.231
1 379 0 0.4363 0.4866 0 0 22.127 24.257 42.686
1 380 12 0.5324 0.6257 0 0 19.927 27.108 43.817
1 381 13 0.3480 -0.291 0 0 22.388 28.239 46.535
1 382 7 0.3610 0.0062 0 0 19.570 29.108 48.988
1 383 17 0.2025 -0.432 0 0 19.692 29.979 52.684
1 384 12 0.1402 -0.097 0 0 18.019 31.957 55.469
1 385 6 0.0649 0.6928 0 0 19.261 35.222 57.083
0 386 13 0 0 0 0 19.261 35.222 57.083
0 387 18 0 0 0 0 19.261 35.222 57.083
0 388 18 0 0 0 0 19.261 35.222 57.083
0 389 11 0 0 0 0 19.261 35.222 57.083
