0 1 14 0 0 0 0 0 0 0
0 2 17 0 0 0 0 0 0 0
0 3 15 0 0 0 0 0 0 0
0 4 11 0 0 0 0 0 0 0
0 5 15 0 0 0 0 0 0 0
0 6 3 0 0 0 0 0 0 0
0 7 19 0 0 0 0 0 0 0
0 8 11 0 0 0 0 0 0 0
0 9 20 0 0 0 0 0 0 0
0 10 17 0 0 0 0 0 0 0
0 11 9 0 0 0 0 0 0 0
0 12 15 0 0 0 0 0 0 0
1 13 17 0.0454 0.6327 0 0 25.086 -3.402 4.253
1 14 17 0.0681 -0.333 0 0 26.175 0.217 4.526
1 15 22 0.3409 0.3543 0 0 23.757 0.057 7.454
1 16 12 0.4034 -0.034 0 0 26.378 -1.276 9.851
1 17 6 0.2159 -0.990 0 0 28.918 1.364 8.822
1 18 15 0.3920 0.3828 0 0 26.390 4.131 9.496
1 19 12 0.6931 0.5552 0 0 25.770 2.675 12.974
1 20 9 0.5284 0.0000 0 0 29.469 2.188 13.702
1 21 12 0.5454 0.9431 0 0 28.985 -1.575 13.960
1 22 20 0.1647 -0.868 0 0 30.708 -2.700 10.764
1 23 13 0.0568 -0.880 0 0 32.815 -5.820 11.372
1 24 13 0.2272 0.4313 0 0 31.502 -6.076 14.936
1 25 18 0.2670 -0.950 0 0 29.665 -8.983 16.535
1 26 9 0.5227 0.0000 0 0 27.010 -8.805 19.216
1 27 13 0.6875 -0.813 0 0 23.359 -8.845 20.194
1 28 12 0.8977 0.1723 0 0 21.359 -5.670 20.804
1 29 22 0.9375 -0.426 0 0 17.802 -5.342 22.047
1 30 15 0.9602 0.0766 0 0 15.473 -2.428 21.325
1 31 12 0.9488 -0.267 0 0 13.235 -1.922 24.349
1 32 9 0.9318 0.0000 0 0 10.532 0.507 25.422
1 33 12 0.7613 -0.406 0 0 6.781 0.870 25.755
1 34 3 0.6136 -0.870 0 0 4.515 -0.101 22.892
1 35 2 0.5965 -0.753 0 0 4.400 2.698 20.272
1 36 0 0.8238 0.7707 0 0 7.825 4.131 21.166
1 37 9 0.8352 0.0000 0 0 9.156 3.445 17.662
1 38 13 0.9090 0.1478 0 0 11.204 0.240 18.042
1 39 18 0.7443 -0.660 0 0 9.808 -1.661 15.048
1 40 18 0.6704 -0.278 0 0 10.005 1.474 12.912
1 41 12 0.8522 0.9052 0 0 13.674 1.771 13.844
1 42 12 0.7897 -0.127 0 0 14.326 -1.882 12.998
1 43 10 0.5340 -0.246 0 0 12.662 -1.399 9.611
1 44 14 0.5738 0.0329 0 0 14.987 1.513 8.888
1 45 12 0.625 0.9378 0 0 17.838 -0.957 9.386
1 46 13 0.3181 0.1506 0 0 16.300 -3.542 7.062
1 47 3 0.1818 -0.663 0 0 16.898 -0.451 4.917
1 48 3 0.1079 -0.793 0 0 15.690 3.005 3.918
0 49 1 0 0 0 0 15.690 3.005 3.918
0 50 12 0 0 0 0 15.690 3.005 3.918
0 51 9 0 0 0 0 15.690 3.005 3.918
0 52 6 0 0 0 0 15.690 3.005 3.918
0 53 10 0 0 0 0 15.690 3.005 3.918
0 54 22 0 0 0 0 15.690 3.005 3.918
1 55 16 0.0056 -0.134 0 0 3.641 1.408 5.027
1 56 18 0.0397 0.8211 0 0 4.574 -1.398 7.459
1 57 12 0.0511 -0.860 0 0 3.092 -3.626 10.151
1 58 10 0.2784 0.2602 0 0 4.536 -3.446 13.638
1 59 16 0.2215 -0.153 0 0 4.472 -6.731 15.625
1 60 18 0.375 -0.752 0 0 5.280 -7.024 19.341
1 61 17 0.5056 -0.041 0 0 8.689 -8.483 18.471
1 62 7 0.4943 -0.133 0 0 11.011 -8.686 15.457
1 63 7 0.5 -0.472 0 0 14.572 -9.928 14.943
1 64 12 0.4431 0.0527 0 0 17.132 -8.901 12.334
1 65 18 0.3238 -0.499 0 0 20.679 -10.147 11.755
1 66 11 0.2102 0.4284 0 0 23.235 -8.442 9.494
1 67 0 0.0795 0.0755 0 0 26.661 -10.096 9.500
1 68 9 0.1420 0.0000 0 0 27.786 -10.474 13.117
1 69 14 0.4715 0.5897 0 0 25.099 -8.156 14.525
1 70 18 0.6079 -0.256 0 0 21.602 -9.144 15.664
1 71 15 0.8125 0.1229 0 0 18.882 -6.658 16.633
1 72 18 0.7954 -0.718 0 0 15.713 -7.736 18.441
1 73 18 0.8409 -0.163 0 0 12.695 -5.722 19.590
1 74 15 0.7784 -0.226 0 0 10.382 -6.302 22.580
1 75 3 0.6988 -0.426 0 0 7.412 -4.251 23.848
1 76 12 0.6647 0.7627 0 0 7.678 -3.546 27.584
1 77 9 0.3693 0.0000 0 0 4.882 -3.448 30.144
1 78 9 0.2045 0.0000 0 0 1.833 -1.403 29.283
0 79 10 0 0 0 0 1.833 -1.403 29.283
0 80 11 0 0 0 0 1.833 -1.403 29.283
0 81 6 0 0 0 0 1.833 -1.403 29.283
0 82 0 0 0 0 0 1.833 -1.403 29.283
1 83 1 0.0227 -0.476 0 0 4.200 -12.686 29.855
1 84 1 0.1193 -0.302 0 0 7.801 -11.617 30.510
1 85 22 0.0965 -0.463 0 0 9.356 -14.126 28.089
1 86 19 0.4147 0.5666 0 0 11.646 -11.382 26.734
1 87 13 0.3806 -0.158 0 0 13.634 -11.370 29.975
1 88 2 0.1477 -0.822 0 0 15.136 -14.805 29.182
1 89 20 0.3977 0.5029 0 0 17.117 -13.142 26.384
1 90 12 0.5795 0.3271 0 0 18.812 -10.594 28.646
1 91 16 0.3068 -0.463 0 0 21.684 -12.881 29.702
1 92 0 0.3579 -0.294 0 0 22.771 -12.966 26.045
1 93 11 0.6761 0.6915 0 0 22.704 -9.281 25.123
1 94 2 0.7215 -0.760 0 0 25.592 -6.859 24.644
1 95 9 0.9261 0.0000 0 0 23.703 -3.587 24.452
1 96 11 0.9659 -0.429 0 0 20.325 -1.996 25.094
1 97 22 0.9943 0.2697 0 0 18.620 0.695 23.016
1 98 15 0.9886 -0.984 0 0 15.731 2.086 25.055
1 99 12 0.9715 0.2708 0 0 13.232 4.197 23.125
1 100 22 0.9034 -0.219 0 0 11.021 6.850 24.697
1 101 3 0.7556 -0.802 0 0 8.128 8.486 22.831
1 102 5 0.6306 0.5131 0 0 8.904 12.078 23.799
1 103 0 0.3295 -0.120 0 0 5.576 13.204 22.315
1 104 3 0.2840 0.0018 0 0 3.505 11.008 24.649
1 105 10 0.125 -0.317 0 0 3.581 12.894 27.958
1 106 7 0.0625 -0.759 0 0 1.035 10.651 29.668
1 107 1 0.3011 0.1740 0 0 3.322 7.633 29.378
1 108 12 0.4204 -0.014 0 0 6.665 9.211 30.258
1 109 12 0.2727 -0.867 0 0 6.387 8.002 33.862
1 110 7 0.3522 -0.128 0 0 5.538 4.449 32.800
1 111 17 0.6818 0.7051 0 0 8.519 4.564 30.445
1 112 13 0.6420 -0.648 0 0 10.824 5.744 33.227
1 113 7 0.4261 -0.846 0 0 9.609 2.946 35.492
1 114 7 0.6590 -0.241 0 0 10.465 0.342 32.868
1 115 12 0.8181 0.5548 0 0 13.952 1.811 32.354
1 116 3 0.5909 -0.445 0 0 14.563 1.937 36.111
1 117 17 0.4772 -0.273 0 0 13.711 -1.753 36.310
1 118 12 0.7159 0.7431 0 0 16.284 -2.533 33.618
1 119 14 0.6477 0.4424 0 0 18.869 -0.430 35.430
1 120 18 0.3352 -0.330 0 0 18.431 -2.407 38.658
1 121 3 0.3465 0.2806 0 0 18.569 -5.837 36.968
1 122 7 0.1363 -0.960 0 0 21.717 -7.626 38.192
1 123 18 0.2329 -0.038 0 0 21.710 -9.772 35.056
1 124 11 0.5625 0.7281 0 0 22.627 -6.778 32.892
1 125 0 0.4090 -0.988 0 0 24.380 -4.443 35.356
1 126 2 0.4545 -0.995 0 0 27.299 -3.862 32.969
1 127 22 0.75 0.3387 0 0 25.413 -3.748 29.675
1 128 16 0.8579 -0.302 0 0 25.688 -0.351 27.951
1 129 11 0.9431 -0.176 0 0 22.424 1.556 27.572
1 130 12 0.9829 0.3011 0 0 21.572 3.963 24.772
1 131 11 0.9772 -0.764 0 0 18.442 5.978 25.504
1 132 12 0.9545 0.5015 0 0 16.759 7.407 22.406
1 133 9 0.8863 0.0000 0 0 14.370 10.307 22.954
1 134 2 0.8465 0.1626 0 0 12.227 9.636 19.890
1 135 13 0.6363 0.0944 0 0 9.657 11.577 17.834
1 136 11 0.4375 0.4450 0 0 11.282 14.992 18.183
1 137 3 0.1875 0.3394 0 0 9.714 15.928 14.838
1 138 1 0.0909 -0.331 0 0 6.481 16.311 16.814
1 139 16 0.0170 -0.471 0 0 5.783 19.807 18.186
1 140 7 0.0340 0.0606 0 0 4.680 18.305 21.509
1 141 0 0.2386 0.5444 0 0 7.919 16.319 21.912
1 142 11 0.2556 0.4817 0 0 9.724 17.181 25.158
1 143 17 0.2613 -0.768 0 0 13.241 18.609 25.080
1 144 7 0.4602 0.3770 0 0 16.361 16.635 25.962
1 145 7 0.1988 -0.950 0 0 16.673 18.747 29.095
1 146 1 0.1704 -0.349 0 0 13.180 17.780 30.197
1 147 12 0.5568 0.9733 0 0 13.775 14.110 29.358
1 148 1 0.4886 0.3024 0 0 16.985 13.990 31.394
1 149 7 0.1590 -0.753 0 0 15.357 15.794 34.319
1 150 14 0.2443 -0.070 0 0 12.221 13.638 34.364
1 151 15 0.5170 0.7963 0 0 14.221 10.419 34.143
1 152 9 0.2954 0.0000 0 0 16.697 11.670 36.747
1 153 12 0.4659 0.9534 0 0 19.655 11.203 34.418
1 154 20 0.1931 -0.115 0 0 21.825 14.195 35.310
1 155 9 0.1022 0.0000 0 0 25.039 12.923 36.854
1 156 6 0.3636 -0.192 0 0 24.187 9.407 35.682
1 157 18 0.5852 0.2121 0 0 25.211 9.610 32.025
1 158 18 0.4318 0.4577 0 0 28.805 8.733 31.171
1 159 9 0.3863 0.0000 0 0 29.717 11.112 28.343
1 160 13 0.5397 0.4369 0 0 29.134 11.218 24.582
1 161 9 0.25 0.0000 0 0 32.767 11.227 23.506
1 162 17 0.1534 -0.366 0 0 35.114 8.312 22.915
1 163 22 0.1306 0.0566 0 0 35.583 7.236 26.521
1 164 17 0.0852 -0.995 0 0 37.163 3.858 27.249
1 165 12 0.1136 0.1821 0 0 35.393 1.790 29.898
1 166 13 0.0113 -0.346 0 0 38.741 1.951 31.688
1 167 7 0.0 -0.133 0 0 38.450 5.638 32.529
1 168 12 0.0738 0.9108 0 0 34.792 4.834 33.111
1 169 2 0.0284 -0.809 0 0 34.192 2.884 36.296
1 170 0 0.1761 0.1628 0 0 30.469 2.824 35.588
1 171 1 0.5511 0.6292 0 0 28.044 1.297 33.094
1 172 16 0.7045 -0.223 0 0 27.935 3.246 29.805
1 173 12 0.8295 0.0197 0 0 24.750 5.340 29.698
1 174 7 0.8636 -0.815 0 0 23.775 8.194 27.382
1 175 22 0.8806 -0.377 0 0 20.772 10.017 25.950
1 176 15 0.875 -0.010 0 0 20.397 10.999 22.286
1 177 14 0.8068 -0.490 0 0 17.347 12.710 20.791
1 178 5 0.8011 0.9150 0 0 16.065 11.490 17.445
1 179 17 0.6534 -0.978 0 0 13.301 11.190 14.882
1 180 22 0.7670 0.6978 0 0 13.324 7.614 13.649
1 181 12 0.4488 -0.674 0 0 10.656 8.489 11.079
1 182 13 0.3125 -0.499 0 0 12.889 11.202 9.611
1 183 1 0.4829 -0.682 0 0 16.044 9.094 9.807
1 184 6 0.5681 -0.891 0 0 17.789 11.612 12.064
1 185 9 0.7102 0.0000 0 0 19.695 11.496 15.330
1 186 20 0.8920 -0.175 0 0 19.825 7.778 16.088
1 187 9 0.7840 0.0000 0 0 22.934 7.123 14.026
1 188 7 0.7386 -0.430 0 0 24.946 9.319 16.382
1 189 9 0.9147 0.0000 0 0 23.542 7.358 19.304
1 190 15 0.9204 0.5738 0 0 24.465 3.974 17.847
1 191 1 0.7272 -0.363 0 0 27.992 5.120 16.989
1 192 19 0.7727 0.4499 0 0 28.413 6.177 20.619
1 193 14 0.8693 0.8387 0 0 27.264 2.797 21.902
1 194 0 0.7329 -0.302 0 0 29.312 0.880 19.323
1 195 6 0.5113 0.0350 0 0 32.581 1.768 21.068
1 196 20 0.6022 0.1428 0 0 31.426 -0.514 23.882
1 197 11 0.6193 0.8636 0 0 30.435 -3.356 21.573
1 198 3 0.2897 -0.594 0 0 32.740 -6.251 20.676
