1 1 9 0.0511 0.0241 0 0 0.696 23.885 0.351
1 2 12 0.2272 0.1081 0 0 4.066 24.518 1.992
1 3 12 0.2215 0.9897 0 0 4.517 27.894 3.770
1 4 17 0.0454 -0.388 0 0 5.771 31.071 2.106
1 5 11 0.0852 0.4143 0 0 8.184 32.399 4.728
1 6 12 0.3011 0.0599 0 0 11.132 30.419 6.068
1 7 1 0.6022 0.3979 0 0 9.888 28.215 8.899
1 8 13 0.75 -0.827 0 0 12.142 27.718 11.930
1 9 12 0.9261 0.3310 0 0 11.598 24.299 13.509
1 10 13 0.9602 -0.682 0 0 12.986 22.840 16.715
1 11 17 0.9829 0.2184 0 0 13.019 19.033 16.792
1 12 0 0.9772 -0.434 0 0 13.414 18.044 20.452
1 13 16 0.9488 0.0000 0 0 13.061 15.011 22.689
1 14 3 0.8465 -0.565 0 0 15.091 12.538 24.747
1 15 6 0.7159 -0.924 0 0 18.127 10.810 23.303
1 16 7 0.6818 -0.839 0 0 17.130 7.718 21.286
1 17 22 0.8636 0.8342 0 0 13.666 9.124 20.533
1 18 1 0.875 0.0000 0 0 14.365 8.955 16.794
1 19 11 0.9318 0.3545 0 0 15.092 12.613 16.003
1 20 12 0.8238 -0.795 0 0 18.093 12.033 13.732
1 21 12 0.7670 -0.428 0 0 16.150 9.358 11.853
1 22 12 0.8977 0.8711 0 0 13.210 11.762 11.486
1 23 9 0.8920 -0.134 0 0 15.510 14.592 10.383
1 24 12 0.6534 -0.375 0 0 16.846 12.427 7.575
1 25 3 0.6590 -0.235 0 0 13.325 11.551 6.401
1 26 2 0.7556 0.9593 0 0 12.544 15.270 6.265
1 27 0 0.5397 0.3371 0 0 15.667 16.573 4.530
1 28 9 0.2727 -0.756 0 0 18.578 15.205 2.521
1 29 13 0.1931 0.1432 0 0 20.782 18.304 2.847
1 30 18 0.1306 -0.989 0 0 24.062 18.041 4.748
1 31 18 0.3579 0.6541 0 0 23.815 18.290 8.528
1 32 12 0.2443 -0.265 0 0 25.828 20.931 10.374
1 33 12 0.2556 0.0154 0 0 27.036 20.021 13.866
1 34 13 0.2159 0.2118 0 0 27.155 22.980 16.223
1 35 6 0.1193 -0.435 0 0 28.272 23.096 19.860
1 36 12 0.0738 0.9846 0 0 27.386 26.428 21.535
1 37 0 0.0284 0.1018 0 0 28.625 25.197 24.913
1 38 17 0.0170 -0.769 0 0 30.007 21.898 26.206
1 39 7 0.0965 0.0000 0 0 27.259 19.302 26.432
1 40 3 0.3352 0.5416 0 0 24.951 21.113 24.020
1 41 11 0.4375 -0.604 0 0 25.158 19.322 20.681
1 42 17 0.625 0.0543 0 0 23.002 20.637 17.871
1 43 10 0.6875 0.0980 0 0 22.301 19.122 14.453
1 44 11 0.6420 -0.401 0 0 21.243 21.852 12.020
1 45 18 0.5681 0.5269 0 0 19.866 21.681 8.483
1 46 16 0.4147 -0.490 0 0 18.469 24.175 5.961
1 47 18 0.3920 0.3253 0 0 15.953 22.602 3.566
1 48 6 0.2670 -0.330 0 0 12.957 23.458 1.368
1 49 9 0.3068 0.0000 0 0 12.259 26.747 3.121
1 50 15 0.6079 0.3275 0 0 12.757 25.185 6.532
1 51 2 0.6761 -0.821 0 0 15.475 25.683 9.127
1 52 11 0.8693 0.3660 0 0 15.718 22.796 11.567
1 53 13 0.8806 -0.774 0 0 17.710 22.571 14.787
1 54 17 0.9204 0.3176 0 0 17.780 19.274 16.649
1 55 22 0.8863 0.0498 0 0 19.097 18.398 20.090
1 56 6 0.8522 -0.429 0 0 18.428 16.055 22.991
1 57 17 0.8125 0.6933 0 0 16.606 17.611 25.921
1 58 6 0.5511 0.0000 0 0 16.996 16.628 29.553
1 59 9 0.2954 0.0000 0 0 20.493 16.364 30.985
1 60 15 0.0795 -0.073 0 0 22.518 19.218 32.496
1 61 13 0.0397 -0.981 0 0 21.185 22.192 34.464
1 62 12 0.0227 -0.823 0 0 23.325 25.170 33.375
1 63 2 0.125 0.4934 0 0 22.754 24.849 29.621
1 64 22 0.25 0.2729 0 0 19.183 26.176 29.644
1 65 19 0.0909 -0.703 0 0 20.141 29.790 28.840
1 66 3 0.2102 -0.814 0 0 21.738 28.423 25.681
1 67 11 0.5284 0.4013 0 0 18.585 26.503 24.759
1 68 9 0.4034 -0.450 0 0 16.487 29.624 25.368
1 69 9 0.2897 -0.713 0 0 18.353 31.660 22.761
1 70 6 0.5625 0.0269 0 0 16.843 29.365 20.127
1 71 1 0.6477 0.3308 0 0 13.320 29.452 21.561
1 72 13 0.375 -0.733 0 0 12.818 33.143 20.795
1 73 11 0.4545 -0.504 0 0 12.695 32.788 17.003
1 74 1 0.7386 0.8141 0 0 11.087 29.337 16.867
1 75 16 0.7329 -0.651 0 0 7.947 28.990 14.731
1 76 20 0.9034 0.1737 0 0 7.128 25.332 15.436
1 77 19 0.9659 0.1207 0 0 8.120 22.802 18.087
1 78 1 0.9943 0.0917 0 0 8.168 19.143 17.068
1 79 17 0.9886 -0.781 0 0 8.524 16.931 20.135
1 80 20 0.9715 0.2205 0 0 9.569 13.337 19.535
1 81 15 0.9090 -0.253 0 0 8.799 10.425 21.844
1 82 7 0.7727 -0.776 0 0 9.922 6.795 21.666
1 83 2 0.5852 0.2949 0 0 6.520 5.113 22.069
1 84 18 0.3238 -0.272 0 0 8.130 1.828 23.135
1 85 3 0.3409 0.2045 0 0 10.224 3.309 25.967
1 86 11 0.1477 -0.395 0 0 7.717 3.107 28.823
1 87 12 0.0681 -0.668 0 0 10.462 3.434 31.431
1 88 11 0.3295 0.3594 0 0 11.161 6.986 30.303
1 89 20 0.4431 0.0759 0 0 7.621 8.139 29.505
1 90 22 0.2613 -0.911 0 0 7.392 9.989 32.818
1 91 11 0.3863 0.0644 0 0 10.664 11.796 32.162
1 92 3 0.7102 0.6435 0 0 9.881 12.897 28.625
1 93 17 0.6193 0.0000 0 0 6.447 14.076 29.724
1 94 0 0.4715 -0.878 0 0 8.051 16.280 32.372
1 95 3 0.6988 -0.092 0 0 10.531 17.660 29.838
1 96 1 0.8295 0.4945 0 0 7.688 18.583 27.472
1 97 13 0.5738 -0.834 0 0 5.744 20.224 30.299
1 98 1 0.5113 -0.389 0 0 8.790 22.344 31.163
1 99 15 0.7443 0.8658 0 0 9.296 23.381 27.530
1 100 7 0.6647 0.5815 0 0 5.715 24.604 27.312
1 101 7 0.3636 -0.366 0 0 6.338 26.727 30.426
1 102 18 0.3977 0.2409 0 0 9.190 28.599 28.710
1 103 9 0.1761 -0.892 0 0 8.168 32.214 28.112
1 104 6 0.3522 -0.706 0 0 10.251 32.274 24.934
1 105 7 0.6136 0.8357 0 0 8.131 29.469 23.480
1 106 12 0.3806 -0.950 0 0 4.821 31.195 24.161
1 107 18 0.4090 -0.952 0 0 2.155 30.543 21.523
1 108 7 0.7045 0.5471 0 0 4.412 28.209 19.536
1 109 12 0.7954 -0.399 0 0 2.396 25.341 17.978
1 110 12 0.9147 0.0071 0 0 3.562 21.908 19.090
1 111 7 0.9431 0.0966 0 0 3.416 18.665 17.139
1 112 7 0.9545 -0.605 0 0 4.078 15.568 19.216
1 113 7 0.9375 0.3075 0 0 5.369 12.638 17.210
1 114 13 0.8579 -0.802 0 0 4.578 9.340 18.914
1 115 12 0.8352 0.3065 0 0 7.449 7.571 17.175
1 116 17 0.5909 0.2164 0 0 8.393 3.927 16.603
1 117 5 0.4261 0.2355 0 0 4.765 2.915 16.167
1 118 22 0.1818 0.3759 0 0 5.968 0.129 13.870
1 119 16 0.1022 0.4524 0 0 7.222 -1.731 16.969
1 120 22 0.0113 -0.782 0 0 4.963 -4.353 18.563
1 121 12 0.0340 -0.034 0 0 6.118 -2.852 21.870
1 122 11 0.2045 0.5345 0 0 4.846 0.659 21.096
1 123 15 0.1647 0.3330 0 0 2.330 2.140 23.543
1 124 0 0.1534 -0.802 0 0 -0.962 3.366 21.998
1 125 2 0.4318 0.3766 0 0 -0.915 7.006 20.855
1 126 13 0.1988 -0.920 0 0 -4.263 7.791 22.502
1 127 6 0.1363 -0.767 0 0 -2.837 6.708 25.856
1 128 3 0.4602 0.6631 0 0 0.402 8.617 25.325
1 129 12 0.4772 -0.182 0 0 -1.680 11.749 24.719
1 130 12 0.1590 -0.794 0 0 -3.538 11.284 28.001
1 131 18 0.2386 0.0000 0 0 -0.286 10.532 29.804
1 132 0 0.4886 0.9070 0 0 1.223 13.791 28.554
1 133 0 0.2840 -0.618 0 0 -1.929 15.652 29.620
1 134 16 0.4829 0.8548 0 0 -2.036 17.206 26.160
1 135 0 0.1875 -0.064 0 0 -5.735 17.969 26.490
1 136 17 0.1079 0.0146 0 0 -4.997 20.479 29.263
1 137 7 0.3181 0.9990 0 0 -3.040 22.668 26.813
1 138 11 0.1136 -0.549 0 0 -4.966 25.924 26.301
1 139 0 0.1704 0.4457 0 0 -2.179 28.406 25.519
1 140 7 0.4488 0.6903 0 0 -1.260 27.055 22.063
1 141 9 0.5170 -0.227 0 0 -2.454 24.712 19.327
1 142 12 0.7272 -0.415 0 0 -1.217 21.123 19.394
1 143 2 0.7784 -0.531 0 0 -1.486 17.773 17.650
1 144 12 0.8011 -0.369 0 0 -0.214 14.273 18.348
1 145 10 0.7897 -0.304 0 0 0.709 12.079 15.390
1 146 18 0.6931 -0.938 0 0 1.540 8.391 15.336
1 147 11 0.7215 0.9622 0 0 4.572 7.751 13.149
1 148 1 0.6363 -0.941 0 0 7.546 5.580 12.339
1 149 3 0.7613 0.6985 0 0 10.613 7.614 11.404
1 150 1 0.4659 -0.754 0 0 12.073 4.287 10.280
1 151 22 0.3125 -0.270 0 0 9.441 3.529 7.638
1 152 19 0.4943 0.0000 0 0 8.356 7.136 7.186
1 153 6 0.4204 -0.667 0 0 4.730 6.288 7.964
1 154 11 0.5965 0.0000 0 0 2.779 9.207 9.425
1 155 6 0.7840 0.3104 0 0 5.627 11.692 9.131
1 156 17 0.6306 -0.875 0 0 4.134 13.610 6.208
1 157 5 0.5795 -0.706 0 0 0.716 13.697 7.902
1 158 17 0.8409 0.0000 0 0 2.421 15.345 10.847
1 159 0 0.8181 0.5684 0 0 4.180 17.867 8.632
1 160 12 0.5568 -0.654 0 0 0.871 18.646 6.926
1 161 18 0.6704 0.4246 0 0 -0.485 19.734 10.297
1 162 9 0.8068 0.8394 0 0 2.633 21.857 10.857
1 163 7 0.5454 -0.086 0 0 2.092 23.620 7.537
1 164 9 0.3693 -0.297 0 0 -1.519 24.469 8.413
1 165 22 0.5 0.1684 0 0 -0.452 26.042 11.710
1 166 6 0.5227 0.1128 0 0 2.587 28.149 10.825
0 167 3 0 0 0 0 2.587 28.149 10.825
0 168 9 0 0 0 0 2.587 28.149 10.825
0 169 14 0 0 0 0 2.587 28.149 10.825
0 170 2 0 0 0 0 2.587 28.149 10.825
0 171 19 0 0 0 0 2.587 28.149 10.825
0 172 22 0 0 0 0 2.587 28.149 10.825
0 173 5 0 0 0 0 2.587 28.149 10.825
0 174 13 0 0 0 0 2.587 28.149 10.825
0 175 2 0 0 0 0 2.587 28.149 10.825
0 176 22 0 0 0 0 2.587 28.149 10.825
0 177 2 0 0 0 0 2.587 28.149 10.825
0 178 0 0 0 0 0 2.587 28.149 10.825
0 179 13 0 0 0 0 2.587 28.149 10.825
0 180 13 0 0 0 0 2.587 28.149 10.825
0 181 13 0 0 0 0 2.587 28.149 10.825
