0 1 14 0 0 0 0 0 0 0
0 2 9 0 0 0 0 0 0 0
0 3 17 0 0 0 0 0 0 0
0 4 17 0 0 0 0 0 0 0
0 5 10 0 0 0 0 0 0 0
0 6 10 0 0 0 0 0 0 0
0 7 10 0 0 0 0 0 0 0
0 8 10 0 0 0 0 0 0 0
0 9 10 0 0 0 0 0 0 0
0 10 10 0 0 0 0 0 0 0
0 11 17 0 0 0 0 0 0 0
0 12 17 0 0 0 0 0 0 0
0 13 9 0 0 0 0 0 0 0
0 14 12 0 0 0 0 0 0 0
0 15 22 0 0 0 0 0 0 0
0 16 16 0 0 0 0 0 0 0
0 17 1 0 0 0 0 0 0 0
0 18 9 0 0 0 0 0 0 0
0 19 17 0 0 0 0 0 0 0
0 20 10 0 0 0 0 0 0 0
0 21 14 0 0 0 0 0 0 0
0 22 3 0 0 0 0 0 0 0
0 23 16 0 0 0 0 0 0 0
0 24 2 0 0 0 0 0 0 0
0 25 6 0 0 0 0 0 0 0
0 26 2 0 0 0 0 0 0 0
1 27 22 0.0782 -0.849 0 0 37.746 69.270 51.707
1 28 13 0.1452 -0.692 0 0 36.197 66.831 54.393
1 29 5 0.3631 0.1770 0 0 34.595 63.440 53.589
1 30 13 0.6033 -0.096 0 0 33.386 60.733 55.971
1 31 11 0.8268 0.3049 0 0 33.608 57.199 54.512
1 32 22 0.8994 -0.661 0 0 32.457 54.111 56.355
1 33 22 0.9720 0.5603 0 0 33.332 50.613 55.296
1 34 22 0.9608 -0.555 0 0 31.077 47.668 55.982
1 35 9 0.9553 0.0000 0 0 30.862 44.029 54.915
1 36 3 0.8491 -0.470 0 0 31.018 40.428 56.266
1 37 17 0.7486 -0.859 0 0 33.789 39.336 58.610
1 38 6 0.7653 -0.997 0 0 37.092 38.666 56.946
1 39 5 0.9050 0.7629 0 0 36.009 40.140 53.651
1 40 9 0.9273 0.0000 0 0 38.948 42.532 53.509
1 41 13 0.9664 0.0975 0 0 37.810 45.852 55.017
1 42 18 0.8826 -0.829 0 0 40.669 46.443 57.403
1 43 0 0.8379 -0.148 0 0 43.385 45.478 54.887
1 44 12 0.9217 0.8698 0 0 41.795 47.788 52.321
1 45 12 0.8882 0.4557 0 0 41.786 50.711 54.799
1 46 10 0.7094 -0.238 0 0 45.320 50.085 56.118
1 47 22 0.6480 0.1570 0 0 46.936 49.897 52.729
1 48 15 0.7150 0.1562 0 0 45.263 53.171 51.793
1 49 0 0.5865 0.2615 0 0 45.938 54.946 55.055
1 50 13 0.2960 0.1606 0 0 49.421 53.625 55.720
1 51 3 0.3184 -0.535 0 0 50.454 51.539 52.718
1 52 5 0.2681 -0.489 0 0 50.917 48.780 55.223
1 53 15 0.4413 0.3542 0 0 49.167 45.448 54.652
1 54 16 0.3798 0.9934 0 0 48.209 43.968 58.037
1 55 7 0.1675 -0.514 0 0 50.556 41.125 59.021
1 56 2 0.1731 -0.984 0 0 48.081 39.444 61.374
1 57 20 0.3128 0.4760 0 0 44.354 39.363 61.326
1 58 22 0.2905 -0.586 0 0 42.426 40.855 64.224
1 59 16 0.4469 -0.880 0 0 38.625 41.019 64.069
1 60 18 0.6089 0.8167 0 0 37.654 44.712 64.045
1 61 22 0.4301 -0.980 0 0 35.120 46.437 66.282
1 62 15 0.5307 -0.200 0 0 35.594 50.059 65.253
1 63 7 0.5530 -0.062 0 0 38.375 52.249 64.017
1 64 2 0.4860 -0.408 0 0 38.667 55.768 62.809
1 65 20 0.3910 0.3731 0 0 41.572 57.479 60.990
1 66 18 0.2458 -0.389 0 0 41.071 61.131 60.171
1 67 0 0.1620 0.1099 0 0 43.714 62.952 58.161
1 68 17 0.1061 -0.968 0 0 44.543 65.100 55.150
1 69 15 0.1843 0.8391 0 0 45.252 63.047 52.030
1 70 7 0.0949 -0.734 0 0 46.588 64.357 48.743
1 71 11 0.1787 0.8534 0 0 44.137 63.150 46.125
1 72 3 0.0837 0.4981 0 0 45.625 63.969 42.749
1 73 18 0.0279 -0.825 0 0 46.295 67.564 43.929
1 74 6 0.0446 0.0809 0 0 43.540 68.957 46.174
1 75 1 0.0558 -0.316 0 0 44.003 68.204 49.857
1 76 11 0.1284 0.4508 0 0 41.014 66.315 51.172
1 77 7 0.1508 -0.548 0 0 40.437 65.572 54.857
1 78 12 0.3966 0.6099 0 0 39.039 62.040 54.941
1 79 17 0.4748 -0.386 0 0 37.423 60.525 57.988
1 80 12 0.7374 0.2263 0 0 37.635 56.729 57.473
1 81 19 0.7821 -0.859 0 0 35.598 54.373 59.613
1 82 3 0.8603 0.1742 0 0 36.307 50.647 59.905
1 83 18 0.8100 0.4002 0 0 33.641 48.376 61.382
1 84 17 0.7206 -0.916 0 0 32.854 44.826 62.438
1 85 9 0.7877 0.0000 0 0 31.460 42.336 59.891
1 86 17 0.5139 -0.830 0 0 30.054 40.316 62.804
1 87 16 0.2793 0.0049 0 0 26.396 40.081 63.653
1 88 20 0.1564 -0.569 0 0 27.415 40.309 67.235
1 89 20 0.2513 -0.066 0 0 28.125 44.085 66.784
1 90 3 0.2625 0.1129 0 0 24.943 44.838 64.873
1 91 2 0.1229 -0.502 0 0 23.816 46.738 67.934
1 92 22 0.1899 -0.299 0 0 26.517 49.280 67.871
1 93 1 0.4636 0.6795 0 0 27.620 49.348 64.243
1 94 16 0.3575 -0.347 0 0 25.067 51.999 63.220
1 95 12 0.2122 -0.762 0 0 26.494 54.438 65.730
1 96 17 0.4581 0.8830 0 0 29.228 55.112 63.095
1 97 20 0.5195 0.5720 0 0 26.822 55.941 60.270
1 98 16 0.2290 -0.355 0 0 25.526 59.453 60.887
1 99 3 0.2234 -0.911 0 0 26.648 62.084 58.403
1 100 17 0.5474 0.6629 0 0 28.492 59.633 56.107
1 101 3 0.5418 -0.652 0 0 29.272 60.944 52.611
1 102 0 0.7765 0.3143 0 0 29.930 57.514 51.236
1 103 22 0.9106 -0.323 0 0 29.549 53.921 52.364
1 104 12 0.9888 0.2711 0 0 31.728 51.214 50.903
1 105 11 0.9832 -0.993 0 0 29.854 47.905 51.082
1 106 5 0.9944 0.9198 0 0 32.479 45.221 50.693
1 107 15 0.9497 -0.310 0 0 32.419 41.544 49.885
1 108 3 0.8770 -0.613 0 0 35.047 38.851 49.378
1 109 11 0.7430 0.1406 0 0 35.493 37.724 45.784
1 110 17 0.5698 0.0596 0 0 36.670 34.329 47.080
1 111 1 0.5586 0.3554 0 0 33.411 33.772 49.019
1 112 16 0.4916 -0.784 0 0 30.183 34.237 47.085
1 113 7 0.4245 -0.780 0 0 28.090 33.949 50.268
1 114 18 0.7318 0.4918 0 0 29.572 37.363 51.224
1 115 12 0.7262 -0.136 0 0 28.003 38.767 48.064
1 116 3 0.5251 -0.951 0 0 24.616 37.386 49.060
1 117 17 0.6424 0.1894 0 0 25.035 39.243 52.318
1 118 22 0.7988 0.5923 0 0 25.442 42.505 50.545
1 119 12 0.5977 -0.804 0 0 22.008 41.861 49.166
1 120 13 0.3351 -0.554 0 0 20.271 40.324 52.215
1 121 13 0.5363 0.1960 0 0 21.815 42.410 54.999
1 122 19 0.7597 0.5234 0 0 24.197 45.276 54.108
1 123 13 0.6648 -0.729 0 0 21.994 47.149 51.611
1 124 9 0.3687 0.0000 0 0 19.075 47.098 54.083
1 125 7 0.5027 0.3713 0 0 21.223 48.254 56.960
1 126 11 0.6368 0.9438 0 0 22.735 51.155 54.977
1 127 6 0.3519 -0.003 0 0 19.356 52.069 53.419
1 128 7 0.2011 -0.400 0 0 17.826 52.144 56.936
1 129 15 0.2569 -0.061 0 0 20.525 54.243 58.615
1 130 5 0.3743 0.8499 0 0 22.074 56.209 55.709
1 131 16 0.2178 -0.584 0 0 19.153 56.683 53.406
1 132 2 0.2067 -0.965 0 0 20.661 59.550 51.475
1 133 18 0.4804 0.4725 0 0 24.205 58.261 51.186
1 134 13 0.6312 -0.496 0 0 25.995 56.972 48.098
1 135 14 0.8435 -0.232 0 0 27.053 53.351 48.449
1 136 12 0.9162 -0.094 0 0 29.839 51.827 46.500
1 137 12 0.9441 -0.427 0 0 30.023 48.066 46.009
1 138 22 0.9776 0.7067 0 0 33.618 46.930 46.475
1 139 9 0.9385 0.0000 0 0 34.809 43.436 45.664
1 140 5 0.9329 0.8654 0 0 37.958 42.558 47.664
1 141 13 0.7932 0.1211 0 0 40.716 40.027 47.322
1 142 17 0.6759 0.0258 0 0 40.530 39.966 43.558
1 143 3 0.4078 0.3055 0 0 43.892 38.169 43.490
1 144 12 0.3407 0.3558 0 0 42.250 35.030 44.869
1 145 1 0.2346 0.5880 0 0 40.591 34.422 41.536
1 146 18 0.1005 0.0908 0 0 43.851 32.805 40.407
1 147 3 0.0893 0.2921 0 0 44.854 31.103 43.671
1 148 22 0.0335 -0.945 0 0 44.661 27.315 43.246
1 149 17 0.0502 -0.082 0 0 43.903 26.603 46.943
1 150 18 0.1117 0.9537 0 0 40.981 28.889 46.797
1 151 12 0.0614 0.1116 0 0 39.805 27.541 43.526
1 152 22 0.0111 -0.760 0 0 39.999 23.933 44.687
1 153 7 0.0391 -0.220 0 0 38.139 24.622 47.908
1 154 12 0.0726 0.9689 0 0 35.406 26.469 46.010
1 155 17 0.0167 -0.508 0 0 35.045 23.745 43.348
1 156 2 0.0 -0.316 0 0 34.725 21.229 46.149
1 157 10 0.0223 0.3627 0 0 31.547 23.063 47.093
1 158 1 0.0055 -0.958 0 0 30.442 23.577 43.524
1 159 6 0.0670 0.4419 0 0 31.302 27.280 43.612
1 160 18 0.1173 -0.413 0 0 33.640 29.676 41.814
1 161 16 0.2849 -0.507 0 0 34.768 33.119 42.847
1 162 22 0.4692 0.8717 0 0 32.470 35.972 42.270
1 163 17 0.3016 -0.717 0 0 32.906 36.929 38.633
1 164 20 0.4134 0.2592 0 0 33.302 40.600 37.639
1 165 3 0.2402 -0.867 0 0 29.897 40.558 35.946
1 166 6 0.3240 -0.013 0 0 28.304 38.940 38.997
1 167 9 0.6536 0.0000 0 0 29.584 41.783 41.158
1 168 0 0.5754 -0.665 0 0 28.536 44.539 38.778
1 169 2 0.3072 -0.838 0 0 25.089 42.989 38.463
1 170 14 0.5921 0.2650 0 0 24.827 42.972 42.246
1 171 0 0.6703 0.3619 0 0 25.663 46.738 42.277
1 172 13 0.3296 -0.464 0 0 22.800 47.519 39.949
1 173 6 0.2737 -0.210 0 0 20.622 45.218 42.025
1 174 11 0.5083 0.9561 0 0 21.272 47.086 45.248
1 175 9 0.4022 0.0000 0 0 21.364 50.491 43.630
1 176 0 0.6927 0.7608 0 0 25.051 51.195 44.258
1 177 0 0.6201 0.2216 0 0 26.652 54.262 42.709
1 178 18 0.7039 0.1327 0 0 29.258 51.964 41.076
1 179 20 0.8044 0.1136 0 0 31.087 48.671 41.244
1 180 11 0.8547 0.4263 0 0 34.841 48.369 41.717
1 181 7 0.8715 -0.597 0 0 37.273 45.740 42.649
1 182 5 0.8659 0.8652 0 0 40.673 45.608 44.381
1 183 17 0.7541 -0.903 0 0 43.433 43.602 45.849
1 184 0 0.7709 0.6313 0 0 44.909 45.145 48.991
1 185 12 0.5810 -0.535 0 0 47.395 42.308 49.079
1 186 6 0.3463 -0.560 0 0 48.728 42.613 45.604
1 187 17 0.4525 0.0995 0 0 47.886 46.137 44.309
1 188 7 0.4972 -0.505 0 0 48.303 49.367 46.209
1 189 2 0.4189 -0.990 0 0 47.080 51.224 43.073
1 190 17 0.6815 0.3277 0 0 43.831 49.227 43.135
1 191 22 0.8212 0.1089 0 0 43.278 50.427 46.707
1 192 1 0.6592 -0.929 0 0 44.071 54.028 45.765
1 193 3 0.6871 -0.664 0 0 41.444 53.813 42.979
1 194 11 0.8938 0.8614 0 0 38.815 52.680 45.526
1 195 15 0.8324 0.6080 0 0 39.249 55.772 47.672
1 196 10 0.6256 -0.638 0 0 39.615 58.121 44.754
1 197 22 0.6983 0.1888 0 0 36.244 56.994 43.436
1 198 0 0.8156 0.8000 0 0 34.738 57.094 46.958
1 199 18 0.6145 -0.416 0 0 35.954 60.678 47.242
1 200 12 0.3854 -0.381 0 0 34.422 61.501 43.931
1 201 0 0.5642 0.9314 0 0 31.121 60.096 45.175
1 202 5 0.4357 -0.052 0 0 31.409 62.318 48.225
1 203 22 0.1955 -0.072 0 0 32.112 65.590 46.440
1 204 2 0.1396 0.1843 0 0 29.591 65.007 43.677
1 205 13 0.1340 -0.905 0 0 26.802 65.000 46.254
