0 1 9 0 0 0 0 0 0 0
0 2 17 0 0 0 0 0 0 0
1 3 14 0.0224 -0.813 0 0 -20.743 62.095 77.377
1 4 6 0.0730 -0.448 0 0 -17.910 62.117 74.815
1 5 18 0.1685 -0.305 0 0 -18.462 61.584 71.094
1 6 11 0.3988 0.2729 0 0 -16.548 60.409 68.056
1 7 13 0.6011 -0.077 0 0 -17.907 60.995 64.564
1 8 5 0.8258 0.7562 0 0 -16.756 58.426 61.998
1 9 22 0.8988 -0.666 0 0 -17.721 58.669 58.319
1 10 22 0.9719 0.5092 0 0 -17.368 55.784 55.855
1 11 22 0.9606 -0.464 0 0 -16.595 56.874 52.294
1 12 9 0.9550 0.0000 0 0 -15.619 55.171 49.051
1 13 3 0.8370 -0.511 0 0 -17.026 53.934 45.742
1 14 9 0.7471 0.0000 0 0 -20.423 52.273 45.541
1 15 0 0.7303 -0.851 0 0 -20.514 48.454 45.745
1 16 22 0.8932 0.6100 0 0 -17.443 48.380 47.995
1 17 9 0.9101 0.0000 0 0 -19.408 46.989 50.957
1 18 13 0.9662 0.1636 0 0 -19.606 50.079 53.155
1 19 18 0.8651 -0.841 0 0 -23.122 49.405 54.421
1 20 5 0.8089 -0.370 0 0 -22.465 45.703 54.816
1 21 12 0.9157 0.9922 0 0 -19.358 46.185 56.952
1 22 12 0.8876 0.4761 0 0 -21.191 48.757 59.091
1 23 11 0.6797 -0.455 0 0 -24.138 46.403 59.606
1 24 17 0.6685 0.2399 0 0 -21.888 43.388 60.117
1 25 20 0.7191 0.2617 0 0 -19.988 45.323 62.769
1 26 18 0.5786 0.3940 0 0 -22.940 46.735 64.686
1 27 18 0.3146 0.1269 0 0 -25.065 43.560 64.771
1 28 2 0.3426 -0.320 0 0 -21.969 41.371 65.218
1 29 13 0.2696 -0.643 0 0 -22.923 38.826 62.539
1 30 15 0.3595 0.0688 0 0 -23.081 38.726 58.752
1 31 16 0.2471 0.9431 0 0 -26.683 39.352 57.618
1 32 17 0.1404 -0.434 0 0 -27.267 36.096 55.725
1 33 7 0.0898 -0.978 0 0 -29.614 36.116 52.732
1 34 20 0.1460 -0.043 0 0 -30.622 39.746 53.233
1 35 22 0.2977 0.7921 0 0 -28.402 42.757 53.745
1 36 16 0.2752 -0.032 0 0 -30.485 45.897 54.463
1 37 18 0.3764 -0.528 0 0 -29.921 48.903 52.200
1 38 22 0.3820 -0.745 0 0 -30.196 51.359 55.087
1 39 15 0.5898 0.6359 0 0 -27.678 51.257 57.933
1 40 3 0.3483 -0.700 0 0 -29.476 52.195 61.200
1 41 2 0.3932 -0.141 0 0 -27.119 51.675 64.167
1 42 20 0.5056 -0.825 0 0 -25.508 55.088 63.854
1 43 0 0.3033 -0.882 0 0 -24.782 55.783 67.543
1 44 22 0.3370 0.7223 0 0 -22.741 53.015 69.166
1 45 18 0.1629 -0.902 0 0 -22.248 53.573 72.872
1 46 22 0.1573 0.9762 0 0 -18.935 52.367 74.248
1 47 14 0.0786 -0.959 0 0 -16.715 52.898 77.256
1 48 11 0.1067 0.9282 0 0 -13.227 54.170 76.417
1 49 9 0.0561 0.0000 0 0 -10.409 55.068 78.791
1 50 9 0.0056 0.0000 0 0 -12.869 54.735 81.644
1 51 7 0.0112 -0.689 0 0 -15.246 57.258 80.116
1 52 16 0.0449 -0.909 0 0 -18.664 56.886 78.411
1 53 20 0.1235 0.1666 0 0 -18.626 57.486 74.648
1 54 18 0.1797 -0.338 0 0 -20.882 57.326 71.631
1 55 12 0.4662 0.8021 0 0 -19.256 56.186 68.407
1 56 9 0.5730 0.0000 0 0 -21.273 57.885 65.689
1 57 12 0.7584 0.3110 0 0 -21.115 55.777 62.539
1 58 15 0.7977 -0.798 0 0 -22.335 57.253 59.273
1 59 3 0.8595 0.0461 0 0 -22.714 55.469 55.950
1 60 18 0.8202 0.5404 0 0 -22.503 57.293 52.598
1 61 0 0.7696 0.0701 0 0 -23.707 54.484 50.358
1 62 9 0.5617 0.0000 0 0 -25.555 55.619 47.243
1 63 6 0.5280 0.2955 0 0 -23.919 59.048 47.172
1 64 7 0.5842 0.2919 0 0 -21.036 58.331 44.752
1 65 3 0.2640 -0.222 0 0 -22.508 60.638 42.055
1 66 20 0.2078 -0.053 0 0 -23.921 63.317 44.401
1 67 3 0.1910 -0.824 0 0 -20.927 65.652 44.543
1 68 1 0.1179 -0.743 0 0 -23.134 68.519 45.725
1 69 12 0.1741 -0.525 0 0 -24.662 66.554 48.593
1 70 1 0.4213 0.4093 0 0 -21.739 64.505 49.871
1 71 16 0.3202 -0.484 0 0 -19.994 67.296 51.878
1 72 12 0.2191 -0.699 0 0 -23.111 67.695 54.021
1 73 17 0.4775 0.6100 0 0 -21.910 64.638 55.962
1 74 20 0.5 0.5062 0 0 -18.387 65.947 56.629
1 75 16 0.2359 -0.324 0 0 -18.601 68.696 59.301
1 76 6 0.2303 -0.867 0 0 -17.079 67.805 62.678
1 77 18 0.5561 0.8106 0 0 -15.894 64.385 61.497
1 78 3 0.5449 -0.672 0 0 -13.200 63.007 63.827
1 79 22 0.7752 0.3644 0 0 -12.127 60.109 61.571
1 80 15 0.9213 -0.590 0 0 -12.802 58.855 58.020
1 81 12 0.9887 0.3093 0 0 -12.747 55.301 56.694
1 82 22 0.9831 -0.994 0 0 -11.765 55.527 53.021
1 83 5 0.9943 0.9048 0 0 -12.928 52.191 51.682
1 84 15 0.9494 -0.308 0 0 -12.110 50.215 48.557
1 85 17 0.8707 -0.671 0 0 -12.703 46.567 47.648
1 86 22 0.7247 0.0764 0 0 -9.512 44.535 47.232
1 87 22 0.5337 -0.082 0 0 -11.206 42.896 44.247
1 88 17 0.5955 0.4602 0 0 -12.026 46.245 42.626
1 89 16 0.4325 -0.683 0 0 -9.008 48.047 41.108
1 90 17 0.4382 -0.109 0 0 -11.156 50.987 40.007
1 91 17 0.7415 0.6122 0 0 -12.394 51.586 43.553
1 92 15 0.7359 -0.252 0 0 -8.771 51.426 44.762
1 93 7 0.5112 -0.986 0 0 -7.611 53.966 42.216
1 94 2 0.6348 -0.263 0 0 -10.477 56.271 43.186
1 95 22 0.7808 0.6269 0 0 -9.109 56.464 46.708
1 96 13 0.5505 -0.823 0 0 -6.284 58.569 45.274
1 97 7 0.3651 -0.747 0 0 -8.134 60.207 42.405
1 98 13 0.5224 0.1899 0 0 -11.325 61.115 44.286
1 99 19 0.7528 0.4652 0 0 -11.940 60.228 47.934
1 100 22 0.6910 0.0383 0 0 -8.792 61.405 49.702
1 101 16 0.4157 0.1043 0 0 -8.730 64.647 47.703
1 102 7 0.4606 0.2947 0 0 -12.358 65.334 48.611
1 103 11 0.6292 0.9237 0 0 -12.151 64.699 52.381
1 104 18 0.4101 -0.150 0 0 -8.767 66.423 52.595
1 105 10 0.1966 -0.588 0 0 -10.340 69.507 51.026
1 106 10 0.2415 0.0862 0 0 -13.248 69.685 53.478
1 107 5 0.3314 0.6655 0 0 -11.420 68.271 56.499
1 108 16 0.2134 -0.748 0 0 -7.639 68.841 56.032
1 109 13 0.2022 -0.989 0 0 -6.933 68.054 59.700
1 110 18 0.4719 0.3810 0 0 -9.018 64.896 60.035
1 111 16 0.6460 -0.337 0 0 -7.151 61.580 60.128
1 112 15 0.8426 -0.102 0 0 -8.283 58.762 57.877
1 113 12 0.9269 -0.071 0 0 -7.703 55.050 57.611
1 114 12 0.9438 -0.522 0 0 -7.409 53.301 54.270
1 115 22 0.9775 0.7927 0 0 -9.719 50.270 54.461
1 116 9 0.9382 0.0000 0 0 -9.522 47.239 52.217
1 117 18 0.9325 0.6817 0 0 -12.837 45.389 52.065
1 118 6 0.7865 0.1328 0 0 -14.168 42.068 50.749
1 119 11 0.6629 0.3035 0 0 -10.875 40.245 51.392
1 120 3 0.4269 0.3959 0 0 -12.855 36.983 51.468
1 121 12 0.3707 0.2809 0 0 -13.212 37.376 47.702
1 122 1 0.3089 0.4829 0 0 -9.481 37.797 47.037
1 123 3 0.1516 0.0615 0 0 -8.939 34.055 46.637
1 124 3 0.1123 0.0899 0 0 -12.308 33.406 45.003
1 125 16 0.0505 -0.258 0 0 -11.672 31.616 41.678
1 126 17 0.0617 0.0170 0 0 -14.635 33.234 39.907
1 127 18 0.1348 0.9358 0 0 -13.699 36.734 41.079
1 128 11 0.0955 -0.149 0 0 -10.044 36.198 40.187
1 129 7 0.0280 -0.890 0 0 -10.917 35.063 36.675
1 130 13 0.0674 0.2973 0 0 -13.186 38.053 36.038
1 131 12 0.1011 0.9539 0 0 -10.323 40.424 36.905
1 132 0 0.0337 -0.493 0 0 -7.857 38.436 34.797
1 133 13 0.0 -0.320 0 0 -10.182 38.693 31.812
1 134 2 0.0393 0.6001 0 0 -9.718 42.420 32.367
1 135 13 0.0168 -0.949 0 0 -5.930 42.086 32.723
1 136 6 0.0842 0.5078 0 0 -6.161 42.897 36.427
1 137 13 0.1292 -0.830 0 0 -5.468 41.122 39.711
1 138 16 0.2865 -0.620 0 0 -6.855 41.623 43.217
1 139 11 0.4550 0.5777 0 0 -5.179 44.285 45.373
1 140 18 0.3539 -0.952 0 0 -2.670 42.816 47.854
1 141 16 0.4943 -0.375 0 0 -2.019 44.475 51.222
1 142 7 0.2528 -0.503 0 0 1.531 45.320 50.117
1 143 18 0.2921 -0.165 0 0 0.107 47.215 47.139
1 144 0 0.6179 0.7483 0 0 -2.453 48.896 49.410
1 145 7 0.4887 -0.251 0 0 0.131 49.831 52.032
1 146 13 0.2808 -0.805 0 0 2.105 51.701 49.382
1 147 12 0.4831 0.5281 0 0 -0.916 53.900 48.593
1 148 0 0.6516 0.4214 0 0 -1.727 54.435 52.261
1 149 1 0.3258 -0.691 0 0 1.845 55.726 52.610
1 150 3 0.2584 -0.298 0 0 1.533 57.966 49.566
1 151 12 0.4494 0.5249 0 0 -1.753 59.489 50.747
1 152 13 0.4044 -0.814 0 0 -0.644 59.868 54.352
1 153 0 0.6741 0.7515 0 0 -3.340 57.630 55.849
1 154 22 0.6404 0.1124 0 0 -3.029 56.835 59.558
1 155 13 0.6853 -0.209 0 0 -2.677 53.186 58.544
1 156 20 0.8033 0.2040 0 0 -4.046 50.505 56.254
1 157 22 0.8764 0.3643 0 0 -6.492 47.912 57.535
1 158 7 0.8820 -0.804 0 0 -8.605 45.332 55.760
1 159 5 0.8539 0.8176 0 0 -11.550 43.174 56.696
1 160 17 0.7640 -0.948 0 0 -14.363 40.978 55.439
1 161 0 0.7921 0.4068 0 0 -17.900 41.955 56.425
1 162 12 0.5393 -0.686 0 0 -18.838 38.352 55.600
1 163 18 0.3876 -0.052 0 0 -16.362 36.452 57.797
1 164 6 0.6123 -0.369 0 0 -15.759 39.440 60.087
1 165 13 0.5674 -0.654 0 0 -12.022 38.811 59.994
1 166 9 0.7078 0.0000 0 0 -10.390 42.161 60.736
1 167 12 0.8146 0.1385 0 0 -13.786 43.838 61.158
1 168 13 0.6966 -0.912 0 0 -13.477 44.790 64.811
1 169 2 0.7022 -0.187 0 0 -9.858 45.849 64.386
1 170 22 0.9044 0.8829 0 0 -10.889 48.334 61.717
1 171 15 0.8483 0.5956 0 0 -13.050 50.226 64.204
1 172 3 0.6573 -0.574 0 0 -10.674 49.863 67.146
1 173 7 0.7134 -0.262 0 0 -8.102 51.538 64.935
1 174 0 0.8314 0.7080 0 0 -10.607 54.223 63.901
1 175 11 0.6235 -0.325 0 0 -11.274 55.045 67.547
1 176 12 0.4438 -0.396 0 0 -7.533 55.187 68.225
1 177 0 0.6067 0.9212 0 0 -7.039 57.431 65.204
1 178 0 0.5168 0.3482 0 0 -9.898 59.687 66.329
1 179 12 0.2247 -0.065 0 0 -8.470 60.111 69.832
1 180 7 0.1853 0.6221 0 0 -4.875 60.268 68.611
