0 1 21 0 0 0 0 0 0 0
0 2 0 0 0 0 0 0 0 0
0 3 17 0 0 0 0 0 0 0
0 4 6 0 0 0 0 0 0 0
0 5 6 0 0 0 0 0 0 0
0 6 6 0 0 0 0 0 0 0
0 7 18 0 0 0 0 0 0 0
1 8 22 0.1259 -0.597 0 0 26.513 16.763 9.476
1 9 1 0.1496 0.1398 0 0 26.331 13.987 12.064
1 10 7 0.1456 -0.420 0 0 24.693 10.709 11.013
1 11 19 0.3622 0.8771 0 0 21.125 10.203 12.208
1 12 17 0.2007 -0.356 0 0 22.164 7.006 14.009
1 13 9 0.4015 0.0000 0 0 19.187 7.534 16.284
1 14 11 0.4055 0.1476 0 0 16.957 5.979 13.620
1 15 2 0.1535 -0.522 0 0 18.518 2.657 14.613
1 16 18 0.2362 0.6397 0 0 16.563 2.978 17.879
1 17 15 0.3582 0.8994 0 0 13.225 2.874 16.045
1 18 0 0.1732 0.0425 0 0 11.455 -0.386 15.249
1 19 16 0.0708 -0.675 0 0 12.500 -1.662 11.794
1 20 0 0.1023 -0.123 0 0 8.982 -1.146 10.413
1 21 18 0.3543 0.7026 0 0 9.130 2.490 11.513
1 22 6 0.2755 -0.515 0 0 12.598 3.026 10.033
1 23 18 0.1377 -0.894 0 0 11.382 1.909 6.612
1 24 13 0.3346 0.0356 0 0 8.428 4.291 6.784
1 25 12 0.5511 0.5339 0 0 10.641 7.184 7.808
1 26 12 0.2874 -0.569 0 0 13.309 6.440 5.171
1 27 7 0.2244 -0.163 0 0 10.504 6.372 2.585
1 28 12 0.4803 0.6701 0 0 9.322 9.786 3.714
1 29 12 0.4448 0.3754 0 0 12.833 11.208 3.477
1 30 9 0.1968 0.0000 0 0 12.948 9.764 -0.022
1 31 2 0.2440 0.1573 0 0 9.801 11.629 -1.028
1 32 12 0.3858 0.9843 0 0 11.440 14.827 0.197
1 33 13 0.1811 -0.134 0 0 14.677 14.435 -1.768
1 34 6 0.0669 -0.671 0 0 12.407 13.414 -4.654
1 35 7 0.1220 0.0795 0 0 10.910 16.908 -4.406
1 36 3 0.0944 -0.697 0 0 14.388 18.421 -4.198
1 37 22 0.3425 0.8016 0 0 13.916 18.986 -0.449
1 38 2 0.2795 -0.963 0 0 17.354 18.126 0.932
1 39 17 0.5551 -0.257 0 0 17.016 19.578 4.399
1 40 12 0.7519 0.4115 0 0 14.224 20.657 6.698
1 41 18 0.8464 -0.549 0 0 14.184 22.924 9.735
1 42 11 0.9606 0.4932 0 0 11.593 22.218 12.426
1 43 12 0.9645 -0.553 0 0 10.999 24.805 15.143
1 44 22 0.9881 0.2931 0 0 9.606 23.424 18.394
0 45 21 0 0 0 0 9.606 23.424 18.394
1 46 9 0.9409 0.0000 0 0 5.101 26.154 23.252
1 47 13 0.8188 -0.290 0 0 4.759 26.687 27.012
1 48 9 0.7362 0.0000 0 0 7.163 25.200 29.544
1 49 9 0.7125 0.0000 0 0 6.922 21.646 30.835
1 50 22 0.8543 0.5164 0 0 4.763 20.253 28.007
1 51 9 0.8937 0.0000 0 0 7.437 17.910 26.644
1 52 13 0.9566 -0.086 0 0 9.060 19.952 23.875
1 53 17 0.8897 -0.652 0 0 12.610 18.787 24.437
1 54 17 0.8503 -0.523 0 0 11.409 15.240 25.169
1 55 18 0.9448 0.8898 0 0 9.784 15.283 21.723
1 56 22 0.9330 -0.006 0 0 13.103 16.406 20.237
1 57 2 0.8110 -0.481 0 0 14.910 13.443 21.828
1 58 17 0.8149 0.2547 0 0 12.292 10.985 20.597
1 59 11 0.8740 0.9352 0 0 12.574 12.325 17.024
1 60 11 0.7480 0.0985 0 0 16.379 12.322 16.980
1 61 9 0.6417 0.0000 0 0 16.455 9.047 18.870
1 62 7 0.5078 -0.289 0 0 18.893 10.107 21.565
1 63 1 0.4842 -0.156 0 0 19.227 12.325 24.645
1 64 22 0.5944 0.5746 0 0 20.439 15.338 22.655
1 65 22 0.6692 0.9675 0 0 18.599 17.965 24.742
1 66 17 0.5669 -0.517 0 0 18.001 18.559 28.448
1 67 11 0.6062 0.1842 0 0 14.720 17.568 30.105
1 68 17 0.3937 -0.664 0 0 13.741 18.531 33.653
1 69 16 0.3149 -0.461 0 0 10.609 17.523 35.594
1 70 15 0.1417 -0.520 0 0 11.348 20.209 38.217
1 71 6 0.1338 -0.397 0 0 13.958 22.801 37.322
1 72 17 0.2992 -0.483 0 0 13.019 25.318 34.624
1 73 7 0.5275 0.9286 0 0 14.335 25.053 31.072
1 74 9 0.3976 0.0000 0 0 17.560 26.652 29.976
1 75 16 0.3779 -0.933 0 0 17.371 30.065 28.296
1 76 1 0.4370 -0.426 0 0 19.348 29.237 25.163
1 77 16 0.6771 -0.286 0 0 17.611 27.589 22.154
1 78 22 0.6811 -0.371 0 0 19.355 24.538 20.691
0 79 21 0 0 0 0 19.355 24.538 20.691
1 80 22 0.7047 0.2330 0 0 20.139 19.502 16.660
1 81 17 0.6338 -0.270 0 0 21.165 18.416 13.157
1 82 1 0.5 0.0395 0 0 21.486 14.876 11.783
1 83 17 0.3307 -0.847 0 0 21.694 13.387 8.281
1 84 1 0.2204 -0.171 0 0 20.554 10.196 6.535
1 85 0 0.0787 0.2261 0 0 20.551 9.237 2.841
1 86 9 0.0866 0.0000 0 0 21.415 12.770 1.715
1 87 15 0.3228 0.9081 0 0 18.714 14.425 3.773
1 88 18 0.4881 -0.477 0 0 19.441 16.645 6.762
1 89 12 0.7322 0.7927 0 0 17.024 17.125 9.641
1 90 2 0.7913 -0.822 0 0 17.431 20.288 11.698
1 91 11 0.9055 0.5558 0 0 15.323 20.639 14.829
1 92 11 0.9015 -0.388 0 0 15.358 23.664 17.075
1 93 3 0.9094 -0.158 0 0 14.383 23.161 20.663
1 94 18 0.8582 0.5326 0 0 13.356 26.304 22.565
1 95 16 0.7440 -0.529 0 0 12.474 27.472 26.116
1 96 9 0.7795 0.0000 0 0 8.826 27.980 27.084
1 97 12 0.6889 0.5450 0 0 7.365 31.372 26.133
1 98 11 0.5590 0.1407 0 0 5.153 31.848 29.188
1 99 7 0.2716 -0.229 0 0 6.077 32.541 32.793
1 100 9 0.0748 0.0000 0 0 4.235 34.114 35.699
1 101 9 0.1141 0.0000 0 0 1.279 34.665 33.406
1 102 20 0.1771 -0.989 0 0 3.033 36.778 30.784
1 103 11 0.3503 0.5206 0 0 5.063 36.185 27.631
1 104 2 0.3110 0.0547 0 0 8.721 35.770 28.554
1 105 3 0.2125 -0.562 0 0 10.147 38.538 26.352
0 106 21 0 0 0 0 10.147 38.538 26.352
1 107 0 0.4645 0.5152 0 0 13.086 33.887 25.852
1 108 12 0.5787 0.1017 0 0 11.014 35.085 22.896
1 109 2 0.3385 -0.734 0 0 13.672 37.468 21.640
1 110 11 0.3700 -0.349 0 0 16.567 35.091 22.194
1 111 11 0.6614 0.8274 0 0 14.682 32.618 20.006
1 112 13 0.5196 -0.375 0 0 14.223 35.358 17.375
1 113 17 0.2952 -0.533 0 0 17.973 36.025 17.395
1 114 15 0.4763 0.5193 0 0 18.654 32.333 17.018
1 115 12 0.6259 0.9657 0 0 16.374 32.057 13.972
1 116 12 0.3031 -0.940 0 0 18.037 35.076 12.380
1 117 3 0.2283 -0.946 0 0 18.954 34.016 8.845
1 118 13 0.5236 0.2820 0 0 17.236 30.627 9.249
1 119 18 0.6496 -0.525 0 0 14.285 29.142 7.404
1 120 11 0.8228 0.3287 0 0 11.335 27.686 9.312
1 121 3 0.8425 -0.620 0 0 9.898 24.799 7.284
1 122 22 0.9488 0.3802 0 0 7.732 23.270 10.006
1 123 12 0.9763 -0.213 0 0 6.360 24.735 13.224
1 124 12 0.9960 0.9099 0 0 5.723 22.130 15.900
1 125 20 0.9921 -0.981 0 0 3.413 23.666 18.545
1 126 22 0.9842 0.3606 0 0 3.579 21.463 21.645
1 127 3 0.9212 -0.727 0 0 1.153 20.927 24.473
1 128 1 0.8267 -0.660 0 0 -0.121 18.151 26.724
1 129 12 0.7401 -0.320 0 0 -2.985 15.818 25.874
1 130 3 0.5472 0.0554 0 0 -3.844 15.237 29.521
1 131 0 0.5039 0.7578 0 0 -4.775 18.855 30.288
1 132 20 0.2677 -0.245 0 0 -8.391 19.896 30.928
1 133 1 0.2598 -0.921 0 0 -8.403 23.676 30.636
1 134 22 0.4133 0.6680 0 0 -7.473 26.273 28.038
1 135 3 0.2637 -0.105 0 0 -7.323 30.046 28.495
1 136 2 0.2559 -0.887 0 0 -5.735 33.307 27.297
1 137 12 0.4251 -0.375 0 0 -2.317 31.933 28.263
1 138 3 0.6732 0.0551 0 0 -2.478 29.508 25.332
1 139 13 0.5708 -0.828 0 0 -3.796 32.382 23.201
1 140 12 0.4960 -0.851 0 0 -0.823 34.604 24.113
1 141 22 0.7283 0.6573 0 0 1.630 31.945 23.020
1 142 0 0.7716 -0.136 0 0 -0.051 31.619 19.634
1 143 13 0.5905 -0.978 0 0 -0.201 35.407 19.370
1 144 0 0.6299 0.2467 0 0 3.465 35.734 20.300
1 145 11 0.7755 0.9689 0 0 4.371 33.295 17.554
1 146 18 0.6535 -0.314 0 0 2.320 35.218 14.980
1 147 3 0.4173 -0.410 0 0 3.764 38.576 16.063
1 148 17 0.5354 0.4297 0 0 7.303 37.263 15.789
1 149 15 0.6377 0.6905 0 0 7.099 35.434 12.484
1 150 9 0.5118 0.0000 0 0 3.848 36.228 10.694
1 151 13 0.5866 -0.733 0 0 0.531 34.420 10.359
1 152 9 0.6181 0.0000 0 0 2.098 32.580 7.433
1 153 11 0.8070 0.5706 0 0 3.990 30.302 9.820
1 154 19 0.8307 0.1996 0 0 0.711 28.597 10.613
1 155 2 0.7559 -0.979 0 0 0.536 27.171 7.095
1 156 13 0.8818 -0.598 0 0 3.545 25.131 8.240
1 157 0 0.9527 -0.217 0 0 2.231 24.391 11.716
1 158 11 0.9724 0.2302 0 0 1.413 21.115 13.435
1 159 22 0.9685 -0.806 0 0 0.061 20.851 16.941
1 160 0 0.9803 0.7663 0 0 1.567 17.997 18.923
1 161 12 0.9370 -0.493 0 0 -0.021 16.661 22.113
1 162 18 0.8858 0.3557 0 0 2.274 14.700 24.448
1 163 10 0.7165 -0.082 0 0 1.457 12.119 27.129
1 164 0 0.6968 0.5679 0 0 -0.756 10.416 24.532
1 165 6 0.4606 -0.652 0 0 -0.539 7.109 26.433
1 166 15 0.3464 -0.037 0 0 -3.521 8.404 28.402
1 167 17 0.1062 -0.910 0 0 -6.607 6.753 29.872
1 168 16 0.0826 0.4426 0 0 -9.445 9.325 29.943
1 169 16 0.0275 0.6854 0 0 -11.327 9.664 33.266
1 170 3 0.0 -0.003 0 0 -15.006 8.820 33.718
1 171 9 0.0039 0.0000 0 0 -14.496 6.044 31.177
1 172 12 0.0236 0.4312 0 0 -14.673 8.644 28.418
1 173 16 0.0472 -0.703 0 0 -13.628 7.232 25.005
1 174 20 0.1850 0.7960 0 0 -10.004 8.039 24.138
1 175 3 0.2165 -0.244 0 0 -11.141 9.298 20.723
1 176 7 0.1181 -0.900 0 0 -13.689 11.599 22.310
1 177 15 0.2480 0.3566 0 0 -11.233 13.072 24.807
1 178 15 0.5314 0.7357 0 0 -8.730 13.679 21.997
1 179 17 0.4094 -0.825 0 0 -11.441 15.362 19.901
1 180 13 0.2913 -0.973 0 0 -12.644 17.708 22.649
1 181 1 0.5748 0.5835 0 0 -9.091 18.532 23.730
1 182 17 0.6850 0.2712 0 0 -7.914 19.295 20.168
1 183 7 0.5157 -0.351 0 0 -10.918 21.476 19.369
1 184 0 0.4488 -0.261 0 0 -10.529 23.429 22.603
1 185 12 0.7007 0.8719 0 0 -6.842 24.057 21.899
1 186 12 0.7086 0.3359 0 0 -7.200 24.857 18.178
1 187 6 0.4724 -0.892 0 0 -9.833 27.401 19.124
1 188 22 0.5393 0.1371 0 0 -7.538 29.501 21.315
1 189 22 0.7204 0.9727 0 0 -4.585 29.053 18.966
1 190 1 0.6102 0.0755 0 0 -6.659 30.173 15.970
1 191 17 0.3661 -0.588 0 0 -7.872 33.128 18.013
1 192 9 0.4921 0.0000 0 0 -4.417 34.024 19.245
1 193 0 0.5984 0.8150 0 0 -3.083 33.886 15.689
1 194 17 0.2834 -0.489 0 0 -6.052 35.884 14.357
1 195 12 0.3740 0.9700 0 0 -6.711 33.183 11.755
1 196 13 0.1653 -0.677 0 0 -9.960 33.200 9.761
1 197 13 0.1889 -0.806 0 0 -12.020 30.042 10.336
1 198 3 0.0905 -0.941 0 0 -12.285 29.454 6.596
1 199 0 0.2086 0.2605 0 0 -8.638 30.091 5.721
1 200 6 0.3818 -0.483 0 0 -6.574 27.018 4.899
1 201 0 0.6141 -0.201 0 0 -4.139 28.302 7.539
1 202 17 0.6220 -0.812 0 0 -6.596 27.605 10.381
1 203 3 0.6574 -0.374 0 0 -6.747 23.981 9.270
1 204 11 0.8385 0.4241 0 0 -3.892 22.924 11.580
1 205 16 0.8661 0.2896 0 0 -3.200 19.181 11.909
1 206 22 0.9133 -0.454 0 0 -2.937 17.647 15.364
1 207 22 0.9251 0.6958 0 0 -0.683 14.693 16.167
1 208 12 0.8779 -0.852 0 0 -0.320 12.592 19.307
1 209 11 0.8976 0.9255 0 0 2.958 11.902 21.081
1 210 7 0.7677 -0.860 0 0 4.151 9.570 23.847
1 211 2 0.7637 0.8898 0 0 7.795 10.144 24.737
1 212 17 0.5629 -0.712 0 0 7.631 7.656 27.612
1 213 9 0.3070 0.0000 0 0 9.711 4.506 27.474
1 214 1 0.1929 -0.214 0 0 6.723 2.659 28.910
1 215 5 0.3267 0.8274 0 0 4.712 3.326 25.757
1 216 2 0.1614 -0.377 0 0 2.880 0.236 24.538
1 217 13 0.1102 0.1045 0 0 3.941 -1.364 21.243
1 218 2 0.0590 0.5743 0 0 2.398 -3.327 18.374
1 219 3 0.0157 -0.733 0 0 3.571 -6.697 17.008
1 220 17 0.0393 0.1745 0 0 6.095 -4.863 14.819
1 221 3 0.0629 -0.757 0 0 7.700 -3.432 17.971
1 222 7 0.2401 0.0951 0 0 6.445 0.041 16.962
1 223 13 0.4212 0.4908 0 0 5.254 2.401 19.679
1 224 22 0.3897 -0.924 0 0 1.474 2.644 19.259
1 225 12 0.4566 0.9725 0 0 -1.128 4.835 20.946
1 226 16 0.2322 0.5694 0 0 -4.370 3.779 22.646
1 227 2 0.2519 0.9137 0 0 -5.971 4.250 19.206
1 228 9 0.2047 0.0000 0 0 -3.600 1.700 17.689
1 229 11 0.4330 0.4108 0 0 -1.474 4.107 15.675
1 230 0 0.5433 -0.422 0 0 2.326 4.138 15.502
1 231 19 0.7598 0.4418 0 0 2.797 7.761 16.460
1 232 11 0.8031 -0.324 0 0 6.398 8.119 15.316
1 233 16 0.6929 -0.701 0 0 5.782 7.185 11.665
1 234 10 0.7874 0.0746 0 0 2.580 9.229 11.711
1 235 12 0.9173 0.8004 0 0 4.475 12.214 13.121
1 236 22 0.8622 -0.515 0 0 7.149 12.196 10.402
1 237 6 0.7834 -0.650 0 0 4.460 11.586 7.785
1 238 18 0.8700 0.4504 0 0 2.594 14.678 8.905
1 239 11 0.9291 0.6187 0 0 5.833 16.653 9.013
1 240 18 0.7992 -0.718 0 0 6.622 15.540 5.452
1 241 7 0.7244 -0.157 0 0 3.153 16.434 4.167
1 242 22 0.8346 0.8811 0 0 3.183 19.887 5.784
1 243 0 0.7952 0.1820 0 0 6.670 20.589 4.444
1 244 12 0.6023 -0.309 0 0 5.592 19.555 0.953
1 245 2 0.5826 0.7130 0 0 2.460 21.709 0.909
1 246 13 0.3188 -0.988 0 0 2.224 24.583 -1.570
1 247 17 0.4685 0.5379 0 0 2.861 27.179 1.178
1 248 7 0.4527 -0.971 0 0 6.199 28.963 1.509
1 249 17 0.6653 0.1620 0 0 8.623 28.342 4.354
1 250 11 0.6456 0.3838 0 0 9.368 31.315 6.611
1 251 15 0.4409 -0.810 0 0 12.793 32.844 6.034
1 252 22 0.4291 0.7351 0 0 13.660 34.783 9.167
1 253 3 0.1692 -0.511 0 0 15.776 37.914 8.764
1 254 13 0.0551 -0.520 0 0 15.954 41.375 10.366
1 255 2 0.0433 -0.699 0 0 13.702 42.708 7.616
1 256 12 0.1299 0.9251 0 0 11.014 40.224 8.567
1 257 11 0.1574 0.4398 0 0 11.471 41.017 12.269
1 258 3 0.0354 -0.504 0 0 11.302 44.755 11.641
1 259 13 0.0314 -0.132 0 0 8.316 44.716 9.289
1 260 12 0.0984 0.9080 0 0 6.479 42.662 11.927
1 261 0 0.0511 -0.175 0 0 7.446 44.927 14.821
1 262 0 0.0118 -0.239 0 0 6.259 47.878 12.727
1 263 0 0.0196 0.8233 0 0 2.663 46.726 13.123
1 264 3 0.0078 -0.766 0 0 1.458 48.693 16.147
0 265 10 0 0 0 0 1.458 48.693 16.147
0 266 10 0 0 0 0 1.458 48.693 16.147
0 267 10 0 0 0 0 1.458 48.693 16.147
0 268 10 0 0 0 0 1.458 48.693 16.147
0 269 10 0 0 0 0 1.458 48.693 16.147
0 270 10 0 0 0 0 1.458 48.693 16.147
