1 1 9 0.0277 -0.407 0 0 75.822 -2.208 19.807
1 2 2 0.0444 -0.231 0 0 76.224 -0.239 23.050
1 3 11 0.2555 0.2142 0 0 72.784 1.398 22.502
1 4 15 0.5777 0.2906 0 0 72.954 5.149 22.164
1 5 0 0.8166 -0.151 0 0 70.483 7.983 21.996
1 6 2 0.9388 -0.002 0 0 70.430 11.171 19.963
1 7 12 0.9666 -0.573 0 0 67.962 13.747 21.397
1 8 15 0.9888 0.1623 0 0 66.176 16.087 19.081
1 9 13 0.9777 -0.201 0 0 64.169 18.784 20.835
1 10 9 0.9444 0.0000 0 0 62.924 22.351 20.480
1 11 12 0.8111 -0.568 0 0 59.754 24.441 20.905
1 12 15 0.7333 -0.956 0 0 56.884 22.760 19.189
1 13 9 0.6388 -0.899 0 0 56.198 23.361 15.490
1 14 13 0.8444 0.8403 0 0 59.972 23.701 14.972
1 15 13 0.8611 0.0000 0 0 60.054 20.859 12.441
1 16 7 0.9222 0.3672 0 0 61.225 17.893 14.475
1 17 14 0.8277 -0.720 0 0 58.751 15.264 13.285
1 18 1 0.7388 -0.415 0 0 59.261 16.268 9.675
1 19 11 0.8888 0.7915 0 0 63.036 15.876 10.136
1 20 12 0.8777 0.3444 0 0 62.589 12.427 11.639
1 21 14 0.6166 -0.951 0 0 60.338 11.389 8.747
1 22 22 0.5833 -0.378 0 0 62.881 12.436 6.069
1 23 9 0.6555 0.9816 0 0 65.750 10.354 7.596
1 24 12 0.3666 -0.760 0 0 63.862 7.234 6.592
1 25 3 0.4388 0.6809 0 0 65.635 5.180 9.281
1 26 0 0.3277 0.0000 0 0 62.457 3.520 10.517
1 27 0 0.2611 -0.921 0 0 58.898 4.078 11.759
1 28 9 0.4722 0.5581 0 0 58.052 7.047 13.939
1 29 13 0.3333 -0.658 0 0 56.369 5.480 16.981
1 30 18 0.3388 0.0164 0 0 54.684 7.497 19.729
1 31 18 0.2055 0.1715 0 0 54.546 6.712 23.415
1 32 11 0.1388 -0.440 0 0 53.239 8.710 26.311
1 33 12 0.0944 0.9940 0 0 55.468 7.585 29.167
1 34 20 0.0333 0.0856 0 0 53.542 9.712 31.604
1 35 13 0.0055 -0.989 0 0 50.454 11.908 31.034
1 36 12 0.0611 0.0000 0 0 51.192 14.942 28.883
1 37 13 0.3166 0.6297 0 0 54.559 13.526 27.819
1 38 12 0.4166 -0.649 0 0 54.464 12.477 24.161
1 39 9 0.6444 -0.045 0 0 57.778 10.937 22.981
1 40 7 0.7277 0.2002 0 0 58.499 10.105 19.361
1 41 11 0.7166 -0.309 0 0 61.198 7.537 18.613
1 42 22 0.6666 0.2212 0 0 62.867 6.127 15.486
1 43 18 0.5 -0.546 0 0 65.098 3.148 16.357
1 44 18 0.3722 -0.277 0 0 67.833 2.233 13.862
1 45 11 0.1666 -0.419 0 0 70.082 -0.609 14.998
1 46 16 0.2333 -0.016 0 0 71.645 0.204 18.345
1 47 18 0.5722 0.2920 0 0 70.931 3.906 17.573
1 48 11 0.7444 -0.266 0 0 67.757 5.795 18.392
1 49 9 0.9 0.2085 0 0 66.414 9.274 17.923
1 50 15 0.9055 -0.612 0 0 64.125 10.652 20.578
1 51 2 0.9277 0.2672 0 0 62.006 13.751 20.162
1 52 22 0.8833 0.1089 0 0 59.758 15.731 22.455
1 53 7 0.8333 -0.417 0 0 58.697 19.348 22.645
1 54 18 0.7611 0.7769 0 0 60.011 21.718 25.291
1 55 22 0.5388 0.0000 0 0 58.688 25.069 26.404
1 56 7 0.2166 0.0000 0 0 56.493 25.868 29.404
1 57 20 0.2666 -0.058 0 0 57.239 22.528 31.097
1 58 13 0.1166 0.4522 0 0 53.425 19.319 30.724
1 59 2 0.0111 -0.571 0 0 52.153 18.265 34.154
1 60 11 0.0388 -0.124 0 0 55.431 18.491 35.004
1 61 17 0.0666 -0.751 0 0 57.942 15.563 35.123
1 62 15 0.25 0.0487 0 0 61.202 14.993 34.111
1 63 18 0.2222 -0.234 0 0 61.901 11.371 33.749
1 64 22 0.5555 0.3894 0 0 63.692 13.297 31.028
1 65 19 0.3777 -0.405 0 0 66.726 12.296 33.098
1 66 3 0.3222 -0.959 0 0 66.335 8.568 32.414
1 67 22 0.6277 0.0286 0 0 66.517 9.770 28.799
1 68 9 0.6833 0.2681 0 0 69.683 11.902 29.227
1 69 9 0.4277 -0.646 0 0 71.566 8.815 30.386
1 70 6 0.5333 -0.024 0 0 72.844 7.443 27.116
1 71 3 0.8 0.7465 0 0 72.684 10.707 25.205
1 72 13 0.7777 -0.649 0 0 75.828 11.480 23.225
1 73 11 0.9166 0.0000 0 0 74.241 13.801 20.674
1 74 1 0.9722 0.0540 0 0 71.700 16.563 21.240
1 75 16 0.9944 0.3269 0 0 70.027 18.304 18.325
1 76 12 0.9833 -0.810 0 0 68.023 21.467 18.985
1 77 19 0.9611 0.1127 0 0 65.677 22.398 16.104
1 78 1 0.8944 -0.195 0 0 64.701 26.059 15.891
1 79 10 0.7 -0.696 0 0 62.056 27.848 13.798
1 80 20 0.5277 0.3424 0 0 64.162 30.584 12.192
1 81 15 0.2444 -0.652 0 0 61.064 32.496 11.051
1 82 6 0.2722 0.2639 0 0 59.752 32.829 14.610
1 83 2 0.1111 -0.486 0 0 61.537 35.927 15.925
1 84 18 0.05 -0.317 0 0 58.834 35.976 18.596
1 85 6 0.2944 0.3291 0 0 59.555 32.815 20.590
1 86 9 0.4 -0.364 0 0 63.228 32.916 19.641
1 87 12 0.3 -0.868 0 0 64.389 34.062 23.083
1 88 11 0.3944 -0.098 0 0 62.371 31.245 24.644
1 89 15 0.7111 0.4534 0 0 64.206 28.551 22.694
1 90 22 0.6 -0.750 0 0 67.346 30.182 24.128
1 91 22 0.4777 -0.972 0 0 65.942 29.430 27.587
1 92 3 0.7222 -0.319 0 0 65.011 25.810 26.905
1 93 17 0.8555 0.3377 0 0 68.388 25.343 25.236
1 94 2 0.6055 -0.338 0 0 70.184 26.764 28.274
1 95 3 0.55 -0.272 0 0 68.101 24.716 30.720
1 96 1 0.7555 0.7682 0 0 69.150 21.448 29.045
1 97 7 0.6944 0.5214 0 0 72.826 22.307 28.711
1 98 1 0.3888 -0.388 0 0 72.737 23.206 32.400
1 99 22 0.4611 0.0582 0 0 71.806 19.564 32.797
1 100 2 0.2777 -0.902 0 0 74.491 17.371 34.305
1 101 7 0.4055 -0.262 0 0 74.022 14.214 32.249
1 102 0 0.6777 0.7543 0 0 74.389 16.291 29.047
1 103 1 0.45 -0.563 0 0 77.851 17.627 29.873
1 104 7 0.5111 -0.656 0 0 79.589 15.684 27.078
1 105 7 0.7944 0.6301 0 0 76.693 15.415 24.624
1 106 12 0.8666 -0.330 0 0 77.575 17.161 21.363
1 107 14 0.9111 0.1362 0 0 75.261 19.968 20.231
1 108 1 0.9555 0.1750 0 0 73.847 20.502 16.729
1 109 14 0.95 -0.530 0 0 71.373 23.351 16.165
1 110 12 0.9333 0.4908 0 0 69.128 23.195 13.071
1 111 0 0.8222 -0.759 0 0 68.050 26.683 12.094
1 112 7 0.7722 0.3302 0 0 65.024 25.424 10.212
1 113 3 0.5166 0.2262 0 0 62.377 26.909 7.902
1 114 7 0.3555 0.4576 0 0 65.042 28.586 5.826
1 115 12 0.1 0.3139 0 0 62.773 28.650 2.772
1 116 1 0.0555 0.4046 0 0 60.460 31.099 4.636
1 117 3 0.0 -0.373 0 0 60.926 34.698 3.774
1 118 0 0.0166 -0.432 0 0 61.338 36.204 7.228
1 119 22 0.1555 0.4914 0 0 63.643 33.369 8.300
1 120 12 0.1944 0.2870 0 0 66.519 34.644 10.440
1 121 12 0.2111 -0.797 0 0 69.832 33.507 9.030
1 122 22 0.4222 0.1871 0 0 72.193 31.165 10.860
1 123 15 0.1833 -0.932 0 0 74.289 34.150 11.896
1 124 0 0.1722 -0.517 0 0 71.523 35.704 13.976
1 125 2 0.4944 0.6588 0 0 70.207 32.388 15.225
1 126 13 0.4666 -0.117 0 0 73.682 31.936 16.713
1 127 6 0.1888 -0.949 0 0 73.553 35.509 18.005
1 128 3 0.2888 -0.609 0 0 70.103 35.064 19.512
1 129 12 0.5444 0.8961 0 0 70.838 31.641 21.012
1 130 16 0.3444 0.0000 0 0 74.059 32.869 22.663
1 131 2 0.5055 0.8812 0 0 75.946 30.011 21.065
1 132 0 0.2 -0.322 0 0 79.244 31.854 20.884
1 133 14 0.1333 0.1174 0 0 79.178 32.071 24.648
1 134 2 0.35 0.9579 0 0 79.347 28.269 24.835
1 135 0 0.1055 -0.565 0 0 82.887 27.494 25.978
1 136 0 0.1611 -0.905 0 0 83.677 23.813 26.672
1 137 7 0.4888 0.6903 0 0 80.923 22.374 24.464
1 138 11 0.5888 -0.145 0 0 81.404 21.005 20.929
1 139 18 0.75 -0.423 0 0 78.683 22.649 18.853
1 140 3 0.7666 -0.244 0 0 77.570 23.443 15.337
1 141 13 0.8055 -0.396 0 0 74.706 25.331 13.677
1 142 12 0.7833 -0.227 0 0 73.229 24.146 10.408
1 143 9 0.6611 -0.978 0 0 70.660 25.964 8.275
1 144 12 0.7055 0.9936 0 0 67.993 23.516 7.119
1 145 10 0.5666 -0.969 0 0 64.650 23.284 5.362
1 146 17 0.6888 0.7410 0 0 63.236 19.963 6.518
1 147 12 0.3611 -0.320 0 0 60.465 19.828 3.938
1 148 1 0.2277 0.0185 0 0 62.893 19.969 0.972
1 149 10 0.4833 0.0000 0 0 65.496 18.146 3.098
1 150 1 0.4111 -0.570 0 0 68.109 20.829 2.580
1 151 2 0.6333 0.0000 0 0 70.778 20.732 5.291
1 152 19 0.7888 0.2418 0 0 70.086 17.472 7.087
1 153 20 0.6222 -0.789 0 0 72.879 15.426 5.543
1 154 11 0.5944 -0.442 0 0 75.512 18.108 6.250
1 155 6 0.8388 0.0000 0 0 74.432 18.740 9.842
1 156 0 0.8722 0.5383 0 0 74.145 15.032 10.535
1 157 18 0.6111 -0.886 0 0 77.415 14.314 8.765
1 158 5 0.65 0.3827 0 0 79.181 16.656 11.232
1 159 0 0.85 0.9054 0 0 77.340 15.200 14.190
1 160 18 0.6722 -0.489 0 0 78.252 11.707 13.039
1 161 17 0.4333 -0.390 0 0 81.881 12.784 12.963
1 162 9 0.5222 0.2315 0 0 82.115 13.918 16.601
1 163 3 0.5611 0.8836 0 0 80.470 10.809 18.050
1 164 9 0.2833 -0.136 0 0 82.734 8.589 15.979
1 165 12 0.1277 0.0685 0 0 85.882 10.666 16.533
1 166 20 0.1222 0.8242 0 0 85.751 10.456 20.339
1 167 7 0.0777 -0.778 0 0 84.425 7.267 21.955
0 168 9 0 0 0 0 84.425 7.267 21.955
0 169 12 0 0 0 0 84.425 7.267 21.955
0 170 3 0 0 0 0 84.425 7.267 21.955
0 171 19 0 0 0 0 84.425 7.267 21.955
0 172 12 0 0 0 0 84.425 7.267 21.955
0 173 17 0 0 0 0 84.425 7.267 21.955
0 174 2 0 0 0 0 84.425 7.267 21.955
0 175 6 0 0 0 0 84.425 7.267 21.955
0 176 12 0 0 0 0 84.425 7.267 21.955
0 177 1 0 0 0 0 84.425 7.267 21.955
0 178 2 0 0 0 0 84.425 7.267 21.955
0 179 6 0 0 0 0 84.425 7.267 21.955
0 180 13 0 0 0 0 84.425 7.267 21.955
